日期,最高气温,最低气温,天气,风向,风力,平均气温,温差
2019-09-01,28,12,多云,东北风,1级,20.0,16
2019-09-02,29,12,晴,东南风,1级,20.5,17
2019-09-03,29,11,晴,东北风,1级,20.0,18
2019-09-04,28,13,晴,东南风,1级,20.5,15
2019-09-05,30,13,晴,东北风,1级,21.5,17
2019-09-06,29,13,晴,东北风,2级,21.0,16
2019-09-07,32,14,晴,北风,1级,23.0,18
2019-09-08,33,16,晴,东北风,2级,24.5,17
2019-09-09,29,15,多云,东南风,3级,22.0,14
2019-09-10,18,14,阴,东南风,3级,16.0,4
2019-09-11,13,12,阴,东北风,2级,12.5,1
2019-09-12,15,14,阴,东南风,1级,14.5,1
2019-09-13,20,13,阴,西北风,2级,16.5,7
2019-09-14,22,12,多云,西南风,1级,17.0,10
2019-09-15,26,11,多云,西南风,2级,18.5,15
2019-09-16,24,11,多云,东北风,2级,17.5,13
2019-09-17,24,11,阴,西南风,2级,17.5,13
2019-09-18,22,10,阴,东南风,1级,16.0,12
2019-09-19,18,10,阴,西北风,3级,14.0,8
2019-09-20,19,10,多云,西南风,1级,14.5,9
2019-09-21,24,9,多云,东北风,1级,16.5,15
2019-09-22,26,8,晴,东北风,1级,17.0,18
2019-09-23,25,9,多云,西南风,1级,17.0,16
2019-09-24,27,10,晴,西南风,2级,18.5,17
2019-09-25,27,8,晴,东北风,2级,17.5,19
2019-09-26,25,10,晴,西北风,1级,17.5,15
2019-09-27,24,9,多云,西南风,2级,16.5,15
2019-09-28,26,11,晴,西北风,1级,18.5,15
2019-09-29,27,11,晴,西南风,1级,19.0,16
2019-09-30,26,11,晴,东北风,1级,18.5,15
2019-08-01,30,19,多云,西南风,2级,24.5,11
2019-08-02,27,18,阴,东南风,3级,22.5,9
2019-08-03,23,16,阴,东南风,2级,19.5,7
2019-08-04,22,19,小雨,东南风,3级,20.5,3
2019-08-05,27,18,阴,东南风,3级,22.5,9
2019-08-06,29,18,阴,东南风,2级,23.5,11
2019-08-07,31,19,多云,东北风,2级,25.0,12
2019-08-08,29,19,阴,东南风,2级,24.0,10
2019-08-09,28,18,阴,东南风,2级,23.0,10
2019-08-10,29,17,多云,东北风,3级,23.0,12
2019-08-11,27,18,阴,东南风,2级,22.5,9
2019-08-12,29,17,阴,东南风,2级,23.0,12
2019-08-13,31,19,晴,东南风,2级,25.0,12
2019-08-14,31,16,多云,东南风,1级,23.5,15
2019-08-15,33,17,晴,西南风,3级,25.0,16
2019-08-16,25,13,晴,西北风,2级,19.0,12
2019-08-17,27,13,晴,西南风,2级,20.0,14
2019-08-18,31,17,晴,东北风,2级,24.0,14
2019-08-19,31,19,阴,东北风,3级,25.0,12
2019-08-20,25,18,小雨,东南风,1级,21.5,7
2019-08-21,30,16,晴,东北风,2级,23.0,14
2019-08-22,26,15,多云,西北风,2级,20.5,11
2019-08-23,30,16,多云,东南风,2级,23.0,14
2019-08-24,16,15,大雨,西南风,1级,15.5,1
2019-08-25,21,15,多云,东南风,2级,18.0,6
2019-08-26,23,17,阴,西北风,1级,20.0,6
2019-08-27,27,14,多云,西北风,1级,20.5,13
2019-08-28,28,12,晴,东北风,1级,20.0,16
2019-08-29,25,12,晴,西南风,2级,18.5,13
2019-08-30,27,11,晴,东南风,1级,19.0,16
2019-08-31,28,13,晴,东南风,2级,20.5,15
2019-07-01,30,16,多云,东北风,2级,23.0,14
2019-07-02,35,17,多云,东南风,2级,26.0,18
2019-07-03,34,18,晴,东南风,2级,26.0,16
2019-07-04,33,20,多云,西北风,2级,26.5,13
2019-07-05,34,15,阴,东北风,1级,24.5,19
2019-07-06,26,13,阴,西北风,2级,19.5,13
2019-07-07,24,14,多云,东南风,2级,19.0,10
2019-07-08,22,16,阴,东南风,2级,19.0,6
2019-07-09,23,16,阴,东北风,3级,19.5,7
2019-07-10,24,14,小雨,东北风,2级,19.0,10
2019-07-11,24,16,阴,东北风,2级,20.0,8
2019-07-12,29,16,多云,西北风,1级,22.5,13
2019-07-13,33,17,阴,西南风,1级,25.0,16
2019-07-14,30,17,多云,东北风,2级,23.5,13
2019-07-15,29,19,阴,东北风,1级,24.0,10
2019-07-16,28,18,阴,东北风,1级,23.0,10
2019-07-17,28,19,多云,东北风,2级,23.5,9
2019-07-18,30,18,阴,东北风,2级,24.0,12
2019-07-19,29,21,阴,西北风,1级,25.0,8
2019-07-20,27,20,小雨,东南风,1级,23.5,7
2019-07-21,32,19,阴,东北风,2级,25.5,13
2019-07-22,23,20,中雨,西北风,2级,21.5,3
2019-07-23,32,20,晴,西南风,2级,26.0,12
2019-07-24,33,20,阴,东北风,2级,26.5,13
2019-07-25,33,20,晴,东北风,2级,26.5,13
2019-07-26,35,21,多云,东南风,3级,28.0,14
2019-07-27,30,21,阴,东北风,3级,25.5,9
2019-07-28,33,22,小雨,东北风,2级,27.5,11
2019-07-29,24,18,大雨,西南风,2级,21.0,6
2019-07-30,32,18,晴,西北风,2级,25.0,14
2019-07-31,34,19,阴,东南风,3级,26.5,15
2019-06-01,27,13,多云,东北风,3级,20.0,14
2019-06-02,32,14,多云,西北风,1级,23.0,18
2019-06-03,32,16,晴,东北风,2级,24.0,16
2019-06-04,26,15,阴,东北风,2级,20.5,11
2019-06-05,18,13,阴,西北风,1级,15.5,5
2019-06-06,24,14,多云,东北风,2级,19.0,10
2019-06-07,28,18,阴,西南风,4级,23.0,10
2019-06-08,30,11,晴,西北风,2级,20.5,19
2019-06-09,29,13,晴,东南风,2级,21.0,16
2019-06-10,30,15,阴,东北风,3级,22.5,15
2019-06-11,32,18,多云,西南风,2级,25.0,14
2019-06-12,29,17,雷阵雨,东南风,3级,23.0,12
2019-06-13,28,15,阴,西南风,5级,21.5,13
2019-06-14,31,17,晴,东北风,2级,24.0,14
2019-06-15,28,16,阴,东北风,1级,22.0,12
2019-06-16,20,14,阴,东北风,2级,17.0,6
2019-06-17,30,17,多云,东南风,2级,23.5,13
2019-06-18,34,18,多云,东北风,1级,26.0,16
2019-06-19,30,19,阴,西北风,2级,24.5,11
2019-06-20,29,18,阴,东北风,2级,23.5,11
2019-06-21,26,17,阴,东南风,2级,21.5,9
2019-06-22,31,19,多云,东北风,3级,25.0,12
2019-06-23,31,18,多云,东南风,2级,24.5,13
2019-06-24,30,18,阴,东南风,2级,24.0,12
2019-06-25,31,17,多云,东南风,2级,24.0,14
2019-06-26,31,18,阴,东南风,2级,24.5,13
2019-06-27,28,18,小雨,西北风,1级,23.0,10
2019-06-28,28,18,小雨,西南风,3级,23.0,10
2019-06-29,30,15,晴,西北风,4级,22.5,15
2019-06-30,29,15,晴,西北风,1级,22.0,14
2019-05-01,22,5,多云,东南风,2级,13.5,17
2019-05-02,24,6,晴,东北风,2级,15.0,18
2019-05-03,24,10,阴,东南风,2级,17.0,14
2019-05-04,25,10,阴,西南风,2级,17.5,15
2019-05-05,20,5,阴,东南风,4级,12.5,15
2019-05-06,17,5,阴,东南风,2级,11.0,12
2019-05-07,22,9,阴,东南风,2级,15.5,13
2019-05-08,17,9,阴,北风,1级,13.0,8
2019-05-09,24,11,阴,东北风,1级,17.5,13
2019-05-10,23,9,阴,东南风,1级,16.0,14
2019-05-11,22,10,阴,东北风,2级,16.0,12
2019-05-12,18,6,阴,西北风,3级,12.0,12
2019-05-13,22,10,晴,西南风,1级,16.0,12
2019-05-14,24,11,阴,东南风,3级,17.5,13
2019-05-15,27,10,多云,西北风,3级,18.5,17
2019-05-16,29,15,多云,东南风,2级,22.0,14
2019-05-17,30,12,晴,东南风,2级,21.0,18
2019-05-18,24,14,阴,东北风,3级,19.0,10
2019-05-19,18,8,晴,西北风,4级,13.0,10
2019-05-20,22,9,晴,西北风,3级,15.5,13
2019-05-21,27,12,晴,西南风,2级,19.5,15
2019-05-22,31,15,晴,西南风,2级,23.0,16
2019-05-23,35,16,晴,西北风,2级,25.5,19
2019-05-24,32,16,多云,东北风,2级,24.0,16
2019-05-25,32,16,晴,东北风,3级,24.0,16
2019-05-26,29,8,晴,西北风,4级,18.5,21
2019-05-27,23,11,多云,西北风,2级,17.0,12
2019-05-28,28,12,晴,东南风,1级,20.0,16
2019-05-29,30,15,晴,东南风,3级,22.5,15
2019-05-30,28,10,多云,东北风,2级,19.0,18
2019-05-31,28,13,晴,东南风,2级,20.5,15
2019-04-01,17,-1,晴,东北风,3级,8.0,18
2019-04-02,18,0,阴,东北风,2级,9.0,18
2019-04-03,20,4,晴,东北风,1级,12.0,16
2019-04-04,24,4,阴,西南风,3级,14.0,20
2019-04-05,25,4,多云,东南风,2级,14.5,21
2019-04-06,16,1,阴,东南风,2级,8.5,15
2019-04-07,22,2,多云,东北风,3级,12.0,20
2019-04-08,10,-1,阴,东南风,2级,4.5,11
2019-04-09,2,-1,雨夹雪,西南风,1级,0.5,3
2019-04-10,12,0,多云,东北风,1级,6.0,12
2019-04-11,13,0,阴,西北风,1级,6.5,13
2019-04-12,13,4,阴,西南风,4级,8.5,9
2019-04-13,15,0,阴,西北风,2级,7.5,15
2019-04-14,19,3,晴,西南风,2级,11.0,16
2019-04-15,21,6,阴,西北风,4级,13.5,15
2019-04-16,24,9,晴,西南风,1级,16.5,15
2019-04-17,27,11,晴,东北风,2级,19.0,16
2019-04-18,20,4,晴,东南风,4级,12.0,16
2019-04-19,10,6,阴,东南风,2级,8.0,4
2019-04-20,15,8,阴,西南风,1级,11.5,7
2019-04-21,21,6,多云,东南风,2级,13.5,15
2019-04-22,24,7,阴,东南风,2级,15.5,17
2019-04-23,27,11,多云,东北风,3级,19.0,16
2019-04-24,22,5,阴,东北风,4级,13.5,17
2019-04-25,7,3,雾,东南风,3级,5.0,4
2019-04-26,10,2,多云,东南风,2级,6.0,8
2019-04-27,5,1,雨夹雪,西北风,1级,3.0,4
2019-04-28,18,6,阴,东北风,1级,12.0,12
2019-04-29,25,8,多云,西北风,3级,16.5,17
2019-04-30,18,4,多云,西北风,2级,11.0,14
2019-03-01,12,-4,阴,东南风,1级,4.0,16
2019-03-02,12,-1,多云,东南风,1级,5.5,13
2019-03-03,14,0,阴,西北风,1级,7.0,14
2019-03-04,15,0,多云,东南风,2级,7.5,15
2019-03-05,13,-3,多云,西南风,2级,5.0,16
2019-03-06,10,-6,晴,东南风,2级,2.0,16
2019-03-07,12,-4,晴,东南风,2级,4.0,16
2019-03-08,13,-1,阴,东北风,2级,6.0,14
2019-03-09,13,-2,阴,东北风,1级,5.5,15
2019-03-10,12,-1,阴,西南风,3级,5.5,13
2019-03-11,12,-4,多云,西南风,2级,4.0,16
2019-03-12,8,-3,晴,西南风,4级,2.5,11
2019-03-13,11,-4,晴,西北风,3级,3.5,15
2019-03-14,12,-2,晴,东北风,2级,5.0,14
2019-03-15,16,0,晴,西北风,4级,8.0,16
2019-03-16,18,0,晴,北风,微风,9.0,18
2019-03-17,18,2,阴,东北风,1级,10.0,16
2019-03-18,19,2,阴,西南风,3级,10.5,17
2019-03-19,21,5,多云,西南风,1级,13.0,16
2019-03-20,15,-4,阴,西北风,6级,5.5,19
2019-03-21,8,-4,晴,西南风,1级,2.0,12
2019-03-22,10,-4,晴,西北风,2级,3.0,14
2019-03-23,11,-2,晴,东北风,2级,4.5,13
2019-03-24,16,0,晴,西南风,1级,8.0,16
2019-03-25,18,0,晴,西南风,2级,9.0,18
2019-03-26,20,3,晴,西北风,3级,11.5,17
2019-03-27,20,-2,阴,西南风,3级,9.0,22
2019-03-28,8,-2,阴,东南风,2级,3.0,10
2019-03-29,11,-4,多云,西北风,4级,3.5,15
2019-03-30,8,-4,晴,西北风,2级,2.0,12
2019-03-31,13,-4,晴,西南风,2级,4.5,17
2019-02-01,4,-7,晴,西南风,2级,-1.5,11
2019-02-02,8,-5,阴,西北风,3级,1.5,13
2019-02-03,4,-8,阴,西南风,4级,-2.0,12
2019-02-04,10,-5,晴,西南风,2级,2.5,15
2019-02-05,10,-6,晴,北风,微风,2.0,16
2019-02-06,0,-11,雾,东南风,2级,-5.5,11
2019-02-07,-4,-11,阴,东南风,1级,-7.5,7
2019-02-08,-2,-12,阴,东南风,1级,-7.0,10
2019-02-09,-5,-11,阴,东南风,2级,-8.0,6
2019-02-10,-1,-10,阴,东南风,1级,-5.5,9
2019-02-11,4,-10,多云,东北风,3级,-3.0,14
2019-02-12,0,-10,阴,东北风,2级,-5.0,10
2019-02-13,-7,-11,阴,东北风,2级,-9.0,4
2019-02-14,-4,-10,阴,西北风,3级,-7.0,6
2019-02-15,0,-12,晴,西南风,2级,-6.0,12
2019-02-16,2,-11,晴,东北风,1级,-4.5,13
2019-02-17,4,-6,多云,东北风,1级,-1.0,10
2019-02-18,-1,-8,阴,东南风,2级,-4.5,7
2019-02-19,5,-10,多云,西南风,2级,-2.5,15
2019-02-20,10,-9,晴,东北风,1级,0.5,19
2019-02-21,10,-4,多云,东北风,2级,3.0,14
2019-02-22,11,-5,阴,东北风,1级,3.0,16
2019-02-23,11,-6,晴,东南风,2级,2.5,17
2019-02-24,12,-4,多云,东南风,2级,4.0,16
2019-02-25,7,-4,阴,西南风,3级,1.5,11
2019-02-26,6,-3,阴,东南风,1级,1.5,9
2019-02-27,10,-3,阴,东北风,1级,3.5,13
2019-02-28,11,-3,多云,东南风,3级,4.0,14
2019-01-01,0,-14,多云,西南风,1级,-7.0,14
2019-01-02,0,-13,晴,东北风,2级,-6.5,13
2019-01-03,3,-12,阴,东北风,1级,-4.5,15
2019-01-04,0,-12,阴,东北风,1级,-6.0,12
2019-01-05,-2,-10,阴,北风,微风,-6.0,8
2019-01-06,2,-10,多云,西南风,1级,-4.0,12
2019-01-07,3,-11,多云,西南风,2级,-4.0,14
2019-01-08,0,-12,阴,东北风,1级,-6.0,12
2019-01-09,-1,-10,阴,西南风,3级,-5.5,9
2019-01-10,4,-9,阴,西南风,2级,-2.5,13
2019-01-11,4,-9,多云,西北风,1级,-2.5,13
2019-01-12,6,-11,多云,西北风,2级,-2.5,17
2019-01-13,8,-8,晴,东南风,1级,0.0,16
2019-01-14,8,-12,晴,西北风,3级,-2.0,20
2019-01-15,-2,-13,晴,西北风,1级,-7.5,11
2019-01-16,3,-12,晴,西北风,2级,-4.5,15
2019-01-17,5,-10,晴,西南风,2级,-2.5,15
2019-01-18,6,-9,阴,西南风,1级,-1.5,15
2019-01-19,1,-9,阴,西南风,2级,-4.0,10
2019-01-20,1,-10,多云,西南风,3级,-4.5,11
2019-01-21,4,-8,晴,西南风,4级,-2.0,12
2019-01-22,9,-9,晴,西北风,3级,0.0,18
2019-01-23,10,-9,多云,西南风,2级,0.5,19
2019-01-24,8,-9,阴,东北风,3级,-0.5,17
2019-01-25,5,-10,阴,西南风,1级,-2.5,15
2019-01-26,4,-7,晴,东北风,1级,-1.5,11
2019-01-27,6,-9,阴,西北风,3级,-1.5,15
2019-01-28,6,-6,阴,东北风,1级,0.0,12
2019-01-29,9,-6,阴,西南风,2级,1.5,15
2019-01-30,2,-8,阴,东南风,3级,-3.0,10
2019-01-31,0,-9,阴,西北风,3级,-4.5,9
2018-12-01,6,-3,阴,东南风,1级,1.5,9
2018-12-02,11,-3,晴,西北风,3级,4.0,14
2018-12-03,7,-6,晴,西北风,2级,0.5,13
2018-12-04,0,-8,晴,东南风,1级,-4.0,8
2018-12-05,1,-8,阴,西北风,1级,-3.5,9
2018-12-06,-1,-12,晴,西北风,2级,-6.5,11
2018-12-07,-5,-16,晴,西北风,3级,-10.5,11
2018-12-08,-5,-16,晴,西南风,1级,-10.5,11
2018-12-09,-2,-13,晴,东南风,2级,-7.5,11
2018-12-10,-1,-13,多云,东南风,2级,-7.0,12
2018-12-11,-2,-12,晴,西北风,2级,-7.0,10
2018-12-12,1,-11,晴,西北风,2级,-5.0,12
2018-12-13,1,-10,晴,东南风,1级,-4.5,11
2018-12-14,4,-10,阴,东南风,1级,-3.0,14
2018-12-15,5,-7,晴,西北风,3级,-1.0,12
2018-12-16,4,-6,晴,西北风,3级,-1.0,10
2018-12-17,7,-5,晴,西北风,3级,1.0,12
2018-12-18,9,-4,晴,西南风,2级,2.5,13
2018-12-19,8,-7,晴,东南风,1级,0.5,15
2018-12-20,3,-4,阴,西南风,1级,-0.5,7
2018-12-21,5,-5,阴,西北风,2级,0.0,10
2018-12-22,6,-10,阴,西北风,2级,-2.0,16
2018-12-23,0,-10,晴,西南风,2级,-5.0,10
2018-12-24,3,-8,晴,西南风,2级,-2.5,11
2018-12-25,1,-12,多云,西南风,1级,-5.5,13
2018-12-26,-2,-14,多云,东南风,2级,-8.0,12
2018-12-27,-8,-15,小雪,西北风,1级,-11.5,7
2018-12-28,-5,-15,多云,西北风,3级,-10.0,10
2018-12-29,-2,-14,阴,西南风,1级,-8.0,12
2018-12-30,-4,-12,晴,东南风,2级,-8.0,8
2018-12-31,-4,-15,多云,东南风,2级,-9.5,11
2018-11-01,17,0,晴,东风,2级,8.5,17
2018-11-02,14,0,晴,西风,1级,7.0,14
2018-11-03,16,2,多云,北风,微风,9.0,14
2018-11-04,12,1,小雨,南风,1级,6.5,11
2018-11-05,8,-1,阴,东南风,1级,3.5,9
2018-11-06,7,-3,多云,东风,2级,2.0,10
2018-11-07,11,0,阴,西风,1级,5.5,11
2018-11-08,11,-1,晴,西南风,2级,5.0,12
2018-11-09,14,-1,晴,东北风,1级,6.5,15
2018-11-10,9,-1,雨夹雪,东南风,1级,4.0,10
2018-11-11,12,-2,晴,西南风,1级,5.0,14
2018-11-12,13,-2,晴,东南风,1级,5.5,15
2018-11-13,12,-2,多云,东南风,2级,5.0,14
2018-11-14,11,0,阴,东南风,1级,5.5,11
2018-11-15,7,-2,小雨,东北风,1级,2.5,9
2018-11-16,5,-4,阴,西北风,微风,0.5,9
2018-11-17,7,-2,雨夹雪,西北风,2级,2.5,9
2018-11-18,6,-6,雨夹雪,西北风,2级,0.0,12
2018-11-19,10,-4,晴,西南风,2级,3.0,14
2018-11-20,9,-4,多云,东南风,1级,2.5,13
2018-11-21,5,-6,晴,西北风,2级,-0.5,11
2018-11-22,7,-6,晴,东南风,1级,0.5,13
2018-11-23,10,-5,晴,西北风,2级,2.5,15
2018-11-24,9,-4,多云,西北风,2级,2.5,13
2018-11-25,13,-1,晴,西南风,1级,6.0,14
2018-11-26,13,-3,阵雨,西北风,2级,5.0,16
2018-11-27,10,-5,晴,东南风,1级,2.5,15
2018-11-28,11,-4,晴,东北风,1级,3.5,15
2018-11-29,6,-4,晴,东南风,2级,1.0,10
2018-11-30,12,-4,晴,西北风,2级,4.0,16
2018-10-01,20,5,多云,西风,2级,12.5,15
2018-10-02,20,5,晴,西南风,2级,12.5,15
2018-10-03,21,5,晴,西南风,2级,13.0,16
2018-10-04,22,4,晴,西风,1级,13.0,18
2018-10-05,22,7,晴,南风,1级,14.5,15
2018-10-06,19,2,晴,西风,1级,10.5,17
2018-10-07,17,1,晴,东南风,2级,9.0,16
2018-10-08,18,1,晴,西南风,1级,9.5,17
2018-10-09,13,0,晴,西北风,2级,6.5,13
2018-10-10,15,0,晴,东北风,3级,7.5,15
2018-10-11,14,0,晴,西北风,1级,7.0,14
2018-10-12,16,2,小雨,西风,1级,9.0,14
2018-10-13,18,4,多云,东北风,2级,11.0,14
2018-10-14,19,3,多云,东南风,1级,11.0,16
2018-10-15,18,6,多云,西南风,微风,12.0,12
2018-10-16,16,2,多云,东南风,1级,9.0,14
2018-10-17,14,3,多云,东北风,2级,8.5,11
2018-10-18,13,4,小雨,东风,2级,8.5,9
2018-10-19,14,1,多云,东风,1级,7.5,13
2018-10-20,14,3,晴,西南风,1级,8.5,11
2018-10-21,16,4,晴,西南风,2级,10.0,12
2018-10-22,17,1,晴,西北风,3级,9.0,16
2018-10-23,17,1,晴,西南风,1级,9.0,16
2018-10-24,20,2,晴,西南风,1级,11.0,18
2018-10-25,15,1,晴,西风,3级,8.0,14
2018-10-26,11,0,晴,西风,3级,5.5,11
2018-10-27,12,0,晴,西风,3级,6.0,12
2018-10-28,16,1,晴,西风,3级,8.5,15
2018-10-29,16,0,晴,东风,2级,8.0,16
2018-10-30,15,-1,晴,东风,1级,7.0,16
2018-10-31,15,0,晴,东南风,2级,7.5,15
2018-09-01,19,15,小雨,东风,1级,17.0,4
2018-09-02,27,15,阵雨,西南风,4级,21.0,12
2018-09-03,27,14,晴,西南风,1级,20.5,13
2018-09-04,26,12,晴,南风,3级,19.0,14
2018-09-05,26,15,多云,西风,2级,20.5,11
2018-09-06,23,10,晴,西风,3级,16.5,13
2018-09-10,23,12,阴,东风,3级,17.5,11
2018-09-11,23,12,多云,东风,4级,17.5,11
2018-09-12,26,12,多云,西南风,2级,19.0,14
2018-09-13,24,13,阴,东南风,2级,18.5,11
2018-09-14,22,13,晴,西南风,1级,17.5,9
2018-09-16,20,9,小雨,西风,1级,14.5,11
2018-09-17,16,12,小雨,南风,2级,14.0,4
2018-09-18,20,13,小雨,东南风,1级,16.5,7
2018-09-19,18,11,小雨,南风,1级,14.5,7
2018-09-20,22,8,晴,西北风,1级,15.0,14
2018-09-21,22,6,晴,西北风,3级,14.0,16
2018-09-22,19,5,晴,北风,1级,12.0,14
2018-09-23,20,5,晴,西风,1级,12.5,15
2018-09-24,19,7,晴,东风,2级,13.0,12
2018-09-25,12,8,小雨,南风,1级,10.0,4
2018-09-26,17,6,阴,东风,2级,11.5,11
2018-09-27,18,6,小雨,南风,4级,12.0,12
2018-09-28,20,7,晴,西南风,3级,13.5,13
2018-09-29,21,5,晴,东北风,1级,13.0,16
2018-09-30,17,6,晴,西北风,2级,11.5,11
2018-08-01,29,19,多云,东风,2级,24.0,10
2018-08-02,30,20,小雨,东风,2级,25.0,10
2018-08-03,31,20,晴,东风,2级,25.5,11
2018-08-04,32,20,晴,东风,2级,26.0,12
2018-08-05,29,21,小雨,东风,1级,25.0,8
2018-08-06,28,21,雷阵雨,东南风,1级,24.5,7
2018-08-07,28,20,小雨,东南风,2级,24.0,8
2018-08-08,28,21,小雨,东北风,4级,24.5,7
2018-08-09,26,20,小雨,东南风,2级,23.0,6
2018-08-10,27,19,雷阵雨,东风,3级,23.0,8
2018-08-11,28,20,中雨,东南风,2级,24.0,8
2018-08-12,28,19,中雨,东南风,3级,23.5,9
2018-08-13,28,19,中雨,东风,4级,23.5,9
2018-08-14,24,19,小雨,东北风,1级,21.5,5
2018-08-15,27,18,晴,东风,4级,22.5,9
2018-08-16,23,16,小雨,东风,1级,19.5,7
2018-08-17,27,18,多云,东南风,2级,22.5,9
2018-08-18,25,16,小雨,东风,2级,20.5,9
2018-08-19,21,17,小雨,东风,1级,19.0,4
2018-08-20,31,17,多云,南风,1级,24.0,14
2018-08-21,27,15,阴,东南风,1级,21.0,12
2018-08-22,19,13,中雨,西风,1级,16.0,6
2018-08-23,27,13,多云,东风,1级,20.0,14
2018-08-24,26,14,多云,南风,1级,20.0,12
2018-08-25,27,16,雷阵雨,东风,2级,21.5,11
2018-08-26,28,17,雷阵雨,东风,2级,22.5,11
2018-08-27,27,17,多云,东风,2级,22.0,10
2018-08-28,27,16,多云,东风,2级,21.5,11
2018-08-29,25,16,多云,东南风,2级,20.5,9
2018-08-30,21,15,小雨,东风,1级,18.0,6
2018-08-31,19,15,中雨,西风,1级,17.0,4
2018-07-01,31,17,晴,东风,2级,24.0,14
2018-07-02,28,17,多云,东风,2级,22.5,11
2018-07-03,29,19,阴,东风,1级,24.0,10
2018-07-04,31,19,阴,西南风,1级,25.0,12
2018-07-05,33,19,多云,东风,2级,26.0,14
2018-07-06,30,18,多云,东风,2级,24.0,12
2018-07-07,30,18,雷阵雨,西风,1级,24.0,12
2018-07-08,21,18,小雨,东北风,2级,19.5,3
2018-07-09,22,16,小雨,东风,1级,19.0,6
2018-07-10,22,17,小雨,东风,微风,19.5,5
2018-07-11,19,16,中雨,东北风,1级,17.5,3
2018-07-12,25,19,小雨,东南风,2级,22.0,6
2018-07-13,24,19,小雨,东风,1级,21.5,5
2018-07-14,27,18,多云,东风,2级,22.5,9
2018-07-15,28,19,雷阵雨,东风,2级,23.5,9
2018-07-16,28,19,雷阵雨,东风,1级,23.5,9
2018-07-17,28,19,大雨,东南风,1级,23.5,9
2018-07-18,30,21,小雨,东风,2级,25.5,9
2018-07-19,31,21,多云,东南风,2级,26.0,10
2018-07-20,33,19,晴,东风,2级,26.0,14
2018-07-21,32,21,小雨,东北风,2级,26.5,11
2018-07-22,29,20,小雨,西风,1级,24.5,9
2018-07-23,28,19,小雨,东风,2级,23.5,9
2018-07-24,30,20,小雨,西风,2级,25.0,10
2018-07-25,30,18,小雨,东风,2级,24.0,12
2018-07-26,29,19,小雨,东风,2级,24.0,10
2018-07-27,26,19,小雨,东风,1级,22.5,7
2018-07-28,28,19,小雨,东风,2级,23.5,9
2018-07-29,29,20,多云,东风,2级,24.5,9
2018-07-30,27,20,小雨,东风,1级,23.5,7
2018-07-31,28,20,小雨,东北风,1级,24.0,8
2018-06-01,29,15,晴,东南风,2级,22.0,14
2018-06-02,30,14,晴,西南风,2级,22.0,16
2018-06-03,26,13,多云,西北风,2级,19.5,13
2018-06-04,30,16,晴,西风,3级,23.0,14
2018-06-05,32,17,晴,西风,1级,24.5,15
2018-06-06,34,15,多云,西北风,3级,24.5,19
2018-06-07,27,14,晴,西风,微风,20.5,13
2018-06-08,23,15,小雨,南风,1级,19.0,8
2018-06-09,20,10,阵雨,西风,2级,15.0,10
2018-06-10,26,11,晴,东南风,1级,18.5,15
2018-06-11,30,15,雷阵雨,西南风,2级,22.5,15
2018-06-12,31,15,小雨,南风,2级,23.0,16
2018-06-13,29,14,晴,东北风,3级,21.5,15
2018-06-14,29,14,晴,东风,2级,21.5,15
2018-06-15,30,16,多云,东风,2级,23.0,14
2018-06-16,27,16,多云,西风,3级,21.5,11
2018-06-17,25,16,小雨,东南风,1级,20.5,9
2018-06-18,27,17,小雨,西风,2级,22.0,10
2018-06-19,28,17,小雨,东风,2级,22.5,11
2018-06-20,29,17,多云,南风,1级,23.0,12
2018-06-21,25,15,中雨,南风,1级,20.0,10
2018-06-22,30,17,多云,东风,1级,23.5,13
2018-06-23,33,18,晴,东南风,1级,25.5,15
2018-06-24,33,18,晴,东风,2级,25.5,15
2018-06-25,26,18,小雨,东风,2级,22.0,8
2018-06-26,31,19,小雨,东北风,1级,25.0,12
2018-06-27,35,19,晴,西风,2级,27.0,16
2018-06-28,31,17,晴,西风,2级,24.0,14
2018-06-29,31,17,多云,东风,1级,24.0,14
2018-06-30,29,17,雷阵雨,西风,2级,23.0,12
2018-05-01,19,6,小雨,东风,2级,12.5,13
2018-05-02,19,5,晴,西北风,3级,12.0,14
2018-05-03,22,8,晴,东南风,2级,15.0,14
2018-05-04,28,10,晴,南风,2级,19.0,18
2018-05-05,22,10,阴,东风,2级,16.0,12
2018-05-06,22,8,阴,南风,2级,15.0,14
2018-05-07,23,9,晴,东南风,2级,16.0,14
2018-05-08,24,8,晴,东风,2级,16.0,16
2018-05-09,24,11,晴,东风,2级,17.5,13
2018-05-10,23,11,小雨,东风,4级,17.0,12
2018-05-11,19,10,阴,南风,微风,14.5,9
2018-05-12,24,8,晴,东风,1级,16.0,16
2018-05-13,30,16,晴,东风,3级,23.0,14
2018-05-14,33,15,多云,东风,2级,24.0,18
2018-05-15,28,15,阴,东南风,2级,21.5,13
2018-05-16,29,17,多云,东风,3级,23.0,12
2018-05-17,23,15,小雨,东风,2级,19.0,8
2018-05-18,25,14,多云,东风,3级,19.5,11
2018-05-19,19,12,小雨,东南风,2级,15.5,7
2018-05-20,15,10,阴,东风,2级,12.5,5
2018-05-21,14,10,小雨,南风,1级,12.0,4
2018-05-22,21,9,晴,西风,2级,15.0,12
2018-05-23,26,10,晴,西风,1级,18.0,16
2018-05-24,29,12,晴,东北风,2级,20.5,17
2018-05-25,28,13,晴,东南风,1级,20.5,15
2018-05-26,27,13,多云,西北风,2级,20.0,14
2018-05-27,28,13,晴,西风,3级,20.5,15
2018-05-28,29,14,晴,东南风,2级,21.5,15
2018-05-29,26,11,晴,东风,2级,18.5,15
2018-05-30,28,12,晴,东南风,3级,20.0,16
2018-05-31,27,12,晴,东风,3级,19.5,15
2018-04-01,25,9,晴,西南风,1级,17.0,16
2018-04-02,29,7,晴,西南风,3级,18.0,22
2018-04-03,10,-2,多云,东风,3级,4.0,12
2018-04-04,0,-3,大雪,东北风,1级,-1.5,3
2018-04-05,10,-3,晴,西北风,3级,3.5,13
2018-04-06,7,-6,晴,西风,3级,0.5,13
2018-04-07,12,2,晴,西风,3级,7.0,10
2018-04-08,21,4,晴,东风,2级,12.5,17
2018-04-09,26,5,晴,东风,3级,15.5,21
2018-04-10,22,3,晴,西北风,2级,12.5,19
2018-04-11,22,7,晴,东风,2级,14.5,15
2018-04-12,19,6,阴,东风,3级,12.5,13
2018-04-13,7,0,小雨,西南风,2级,3.5,7
2018-04-14,13,1,晴,西风,2级,7.0,12
2018-04-15,16,3,多云,西南风,2级,9.5,13
2018-04-16,21,4,晴,东风,2级,12.5,17
2018-04-17,25,7,晴,东风,2级,16.0,18
2018-04-18,28,10,晴,东风,2级,19.0,18
2018-04-19,27,10,晴,东风,2级,18.5,17
2018-04-20,25,13,晴,东风,2级,19.0,12
2018-04-21,16,7,小雨,东风,3级,11.5,9
2018-04-22,10,5,阴,东风,2级,7.5,5
2018-04-23,14,6,多云,东风,1级,10.0,8
2018-04-24,16,7,阴,东风,2级,11.5,9
2018-04-25,19,8,多云,东风,2级,13.5,11
2018-04-26,25,7,晴,东南风,2级,16.0,18
2018-04-27,23,9,晴,东风,2级,16.0,14
2018-04-28,28,10,晴,东风,2级,19.0,18
2018-04-29,28,12,晴,东风,3级,20.0,16
2018-04-30,22,9,多云,东南风,2级,15.5,13
2018-03-01,9,-3,晴,东风,2级,3.0,12
2018-03-02,15,1,晴,东风,2级,8.0,14
2018-03-03,19,2,多云,东风,2级,10.5,17
2018-03-04,8,-6,小雨,东风,2级,1.0,14
2018-03-05,8,-3,多云,东风,1级,2.5,11
2018-03-06,3,-4,雨夹雪,东风,2级,-0.5,7
2018-03-07,8,-5,多云,西北风,2级,1.5,13
2018-03-08,8,-6,晴,东风,2级,1.0,14
2018-03-09,15,-6,多云,西风,2级,4.5,21
2018-03-10,13,-2,多云,东南风,2级,5.5,15
2018-03-11,17,2,多云,东南风,4级,9.5,15
2018-03-12,21,4,晴,西风,1级,12.5,17
2018-03-13,25,6,晴,东风,1级,15.5,19
2018-03-14,25,4,晴,东风,2级,14.5,21
2018-03-15,7,-4,阴,东风,3级,1.5,11
2018-03-16,6,-4,阴,东风,2级,1.0,10
2018-03-17,6,-3,小雪,东风,1级,1.5,9
2018-03-18,8,-3,雾,东风,2级,2.5,11
2018-03-19,8,-3,多云,东风,2级,2.5,11
2018-03-20,6,-5,多云,东风,2级,0.5,11
2018-03-21,12,0,晴,东风,1级,6.0,12
2018-03-22,16,0,晴,西风,2级,8.0,16
2018-03-23,16,1,小雨,东风,3级,8.5,15
2018-03-24,19,3,晴,西风,微风,11.0,16
2018-03-25,22,2,晴,西风,2级,12.0,20
2018-03-26,24,6,小雨,西北风,1级,15.0,18
2018-03-27,27,9,晴,西风,2级,18.0,18
2018-03-28,22,4,晴,东风,2级,13.0,18
2018-03-29,14,2,晴,东风,3级,8.0,12
2018-03-30,18,8,多云,东风,2级,13.0,10
2018-03-31,25,8,晴,西南风,2级,16.5,17
2018-02-01,2,-12,多云,西北风,4级,-5.0,14
2018-02-02,-4,-15,晴,西北风,3级,-9.5,11
2018-02-03,-2,-14,晴,西北风,2级,-8.0,12
2018-02-04,0,-14,晴,西风,微风,-7.0,14
2018-02-05,1,-12,多云,东风,2级,-5.5,13
2018-02-06,2,-11,晴,西风,2级,-4.5,13
2018-02-07,0,-16,晴,西南风,1级,-8.0,16
2018-02-08,3,-8,多云,东风,2级,-2.5,11
2018-02-09,1,-12,多云,西北风,2级,-5.5,13
2018-02-10,-2,-12,多云,西风,3级,-7.0,10
2018-02-11,-3,-11,晴,西风,4级,-7.0,8
2018-02-12,2,-7,晴,西风,3级,-2.5,9
2018-02-13,10,-6,晴,西风,3级,2.0,16
2018-02-14,5,-8,多云,东风,2级,-1.5,13
2018-02-15,7,-10,多云,东风,1级,-1.5,17
2018-02-16,7,-8,多云,东风,1级,-0.5,15
2018-02-17,6,-6,多云,东风,1级,0.0,12
2018-02-18,6,-5,多云,东风,1级,0.5,11
2018-02-19,8,-6,多云,东南风,2级,1.0,14
2018-02-20,0,-7,阴,东风,2级,-3.5,7
2018-02-21,6,-7,多云,西风,2级,-0.5,13
2018-02-22,7,-5,晴,西风,2级,1.0,12
2018-02-23,10,-8,多云,东风,3级,1.0,18
2018-02-24,0,-8,多云,东风,2级,-4.0,8
2018-02-25,11,-9,多云,东风,2级,1.0,20
2018-02-26,12,-5,多云,西南风,2级,3.5,17
2018-02-27,6,-3,小雪,东风,2级,1.5,9
2018-02-28,12,-5,多云,西北风,3级,3.5,17
2018-01-01,3,-10,多云,东北风,1级,-3.5,13
2018-01-02,-1,-11,小雪,东风,2级,-6.0,10
2018-01-03,-3,-10,多云,东风,1级,-6.5,7
2018-01-04,-6,-10,小雪,西南风,1级,-8.0,4
2018-01-05,1,-10,多云,西北风,1级,-4.5,11
2018-01-06,0,-8,小雪,西北风,1级,-4.0,8
2018-01-07,1,-10,多云,西风,3级,-4.5,11
2018-01-08,-1,-11,多云,西风,4级,-6.0,10
2018-01-09,-1,-12,多云,西风,3级,-6.5,11
2018-01-10,0,-13,多云,西南风,2级,-6.5,13
2018-01-11,0,-14,晴,西风,2级,-7.0,14
2018-01-12,3,-11,晴,西风,2级,-4.0,14
2018-01-13,7,-10,多云,西风,2级,-1.5,17
2018-01-14,6,-8,晴,西风,1级,-1.0,14
2018-01-15,4,-6,多云,西风,2级,-1.0,10
2018-01-16,4,-7,晴,东风,1级,-1.5,11
2018-01-17,5,-11,晴,西风,2级,-3.0,16
2018-01-18,4,-8,多云,西北风,2级,-2.0,12
2018-01-19,6,-6,多云,西南风,2级,0.0,12
2018-01-20,4,-9,多云,西南风,2级,-2.5,13
2018-01-21,2,-10,多云,东南风,2级,-4.0,12
2018-01-22,-2,-11,多云,东南风,2级,-6.5,9
2018-01-23,-3,-15,多云,西风,1级,-9.0,12
2018-01-24,-4,-13,多云,东风,1级,-8.5,9
2018-01-25,-6,-15,多云,东风,2级,-10.5,9
2018-01-26,-4,-12,阴,东南风,2级,-8.0,8
2018-01-27,-5,-11,阴,东风,1级,-8.0,6
2018-01-28,-3,-14,晴,西风,3级,-8.5,11
2018-01-29,-1,-13,晴,西风,2级,-7.0,12
2018-01-30,1,-9,多云,西风,3级,-4.0,10
2018-01-31,1,-10,晴,西风,2级,-4.5,11
2017-12-01,5,-6,晴,西南风,2级,-0.5,11
2017-12-02,5,-6,晴,西风,2级,-0.5,11
2017-12-03,5,-7,霾,东风,2级,-1.0,12
2017-12-04,0,-8,晴,西风,3级,-4.0,8
2017-12-05,2,-6,晴,西风,2级,-2.0,8
2017-12-06,7,-6,多云,西风,2级,0.5,13
2017-12-07,2,-8,晴,西风,2级,-3.0,10
2017-12-08,5,-7,晴,西风,2级,-1.0,12
2017-12-09,8,-6,多云,西北风,3级,1.0,14
2017-12-10,5,-9,晴,西南风,2级,-2.0,14
2017-12-11,2,-12,多云,东风,2级,-5.0,14
2017-12-12,0,-11,多云,东风,2级,-5.5,11
2017-12-13,-3,-11,多云,东风,1级,-7.0,8
2017-12-14,0,-5,小雪,西风,2级,-2.5,5
2017-12-15,1,-11,多云,西风,3级,-5.0,12
2017-12-16,-2,-10,晴,西风,3级,-6.0,8
2017-12-17,3,-7,晴,西风,3级,-2.0,10
2017-12-18,4,-7,晴,西风,2级,-1.5,11
2017-12-19,4,-8,晴,西风,3级,-2.0,12
2017-12-20,4,-4,晴,西风,1级,0.0,8
2017-12-21,9,-4,晴,东北风,1级,2.5,13
2017-12-22,6,-7,多云,西风,2级,-0.5,13
2017-12-23,6,-8,多云,西风,3级,-1.0,14
2017-12-24,2,-9,晴,西风,2级,-3.5,11
2017-12-25,6,-9,晴,西风,1级,-1.5,15
2017-12-26,4,-8,晴,东风,1级,-2.0,12
2017-12-27,6,-10,多云,东风,2级,-2.0,16
2017-12-28,8,-9,多云,西风,1级,-0.5,17
2017-12-29,6,-5,多云,西北风,3级,0.5,11
2017-12-30,2,-10,晴,西风,3级,-4.0,12
2017-12-31,4,-9,晴,西南风,2级,-2.5,13
2017-11-01,16,4,晴,西风,1级,10.0,12
2017-11-02,17,0,晴,西北风,1级,8.5,17
2017-11-03,12,-2,晴,东风,1级,5.0,14
2017-11-04,14,2,晴,北风,微风,8.0,12
2017-11-05,17,4,晴,东风,1级,10.5,13
2017-11-06,19,4,多云,西风,2级,11.5,15
2017-11-07,16,1,晴,西风,1级,8.5,15
2017-11-08,15,0,晴,东风,2级,7.5,15
2017-11-09,16,0,多云,西风,2级,8.0,16
2017-11-10,9,-4,晴,西风,2级,2.5,13
2017-11-11,10,-2,晴,东风,2级,4.0,12
2017-11-12,14,1,多云,西风,2级,7.5,13
2017-11-13,8,-6,晴,西风,3级,1.0,14
2017-11-14,8,-5,晴,西北风,2级,1.5,13
2017-11-15,10,-5,晴,东风,2级,2.5,15
2017-11-16,13,-2,晴,东风,2级,5.5,15
2017-11-17,7,-9,晴,西北风,1级,-1.0,16
2017-11-18,5,-6,晴,西北风,3级,-0.5,11
2017-11-19,5,-5,多云,西北风,2级,0.0,10
2017-11-20,8,-4,多云,西南风,1级,2.0,12
2017-11-21,8,-5,晴,西北风,2级,1.5,13
2017-11-22,4,-7,晴,西北风,2级,-1.5,11
2017-11-23,4,-7,晴,西北风,2级,-1.5,11
2017-11-24,5,-5,晴,西风,2级,0.0,10
2017-11-25,10,-5,晴,西风,4级,2.5,15
2017-11-26,7,-5,晴,东风,2级,1.0,12
2017-11-27,10,-7,晴,西风,2级,1.5,17
2017-11-28,8,-8,晴,西南风,2级,0.0,16
2017-11-29,4,-7,多云,东风,1级,-1.5,11
2017-11-30,3,-8,晴,东北风,1级,-2.5,11
2017-10-01,23,8,多云,东南风,2级,15.5,15
2017-10-02,14,7,小雨,东南风,2级,10.5,7
2017-10-03,13,5,阵雨,东南风,1级,9.0,8
2017-10-04,16,6,多云,东风,1级,11.0,10
2017-10-05,18,6,多云,东风,1级,12.0,12
2017-10-06,21,8,多云,东北风,1级,14.5,13
2017-10-07,13,9,中雨,东风,1级,11.0,4
2017-10-08,13,10,大雨,西南风,1级,11.5,3
2017-10-09,11,6,大到暴雨,南风,1级,8.5,5
2017-10-10,7,2,阴,东风,1级,4.5,5
2017-10-11,14,4,多云,东风,1级,9.0,10
2017-10-12,16,2,晴,东风,2级,9.0,14
2017-10-13,16,3,晴,东北风,1级,9.5,13
2017-10-14,14,6,阴,东南风,2级,10.0,8
2017-10-15,16,5,阴,西南风,1级,10.5,11
2017-10-16,12,7,阴,东风,1级,9.5,5
2017-10-17,10,6,小雨,东风,2级,8.0,4
2017-10-18,13,6,多云,西风,2级,9.5,7
2017-10-19,17,4,晴,东南风,2级,10.5,13
2017-10-20,20,6,晴,西风,1级,13.0,14
2017-10-21,19,7,多云,东风,2级,13.0,12
2017-10-22,15,6,多云,东风,3级,10.5,9
2017-10-23,15,6,多云,东风,1级,10.5,9
2017-10-24,17,4,晴,东风,1级,10.5,13
2017-10-25,13,6,小雨,西南风,2级,9.5,7
2017-10-26,4,0,晴,西南风,小于3级,2.0,4
2017-10-27,6,0,多云,西北风,小于3级,3.0,6
2017-10-28,0,-1,多云,西北风,4～5级,-0.5,1
2017-10-29,0,-1,晴,西北风,3～4级,-0.5,1
2017-10-30,13,2,晴,西风,3级,7.5,11
2017-10-31,16,3,多云,西风,2级,9.5,13
2017-09-01,25,12,多云,东风,2级,18.5,13
2017-09-02,23,14,阵雨,东风,2级,18.5,9
2017-09-03,23,14,多云,东风,2级,18.5,9
2017-09-04,26,16,多云,东风,2级,21.0,10
2017-09-05,25,14,阴,西风,2级,19.5,11
2017-09-06,28,13,晴,西风,2级,20.5,15
2017-09-07,30,15,多云,北风,微风,22.5,15
2017-09-08,29,14,多云,西风,2级,21.5,15
2017-09-09,27,15,多云,东风,1级,21.0,12
2017-09-10,25,12,阴,东南风,2级,18.5,13
2017-09-11,27,13,多云,东南风,2级,20.0,14
2017-09-12,27,14,多云,东风,3级,20.5,13
2017-09-13,28,13,晴,东风,2级,20.5,15
2017-09-14,26,13,多云,东风,2级,19.5,13
2017-09-15,25,16,小雨,东南风,2级,20.5,9
2017-09-16,24,13,小雨,西南风,3级,18.5,11
2017-09-17,26,12,多云,西南风,2级,19.0,14
2017-09-18,27,12,阵雨,西南风,2级,19.5,15
2017-09-19,27,11,多云,西风,1级,19.0,16
2017-09-20,27,11,晴,东风,2级,19.0,16
2017-09-21,27,11,阵雨,西北风,2级,19.0,16
2017-09-22,25,10,多云,西南风,2级,17.5,15
2017-09-23,26,11,多云,北风,1级,18.5,15
2017-09-24,26,13,多云,东风,1级,19.5,13
2017-09-25,25,15,多云,东南风,2级,20.0,10
2017-09-26,22,11,小雨,西南风,1级,16.5,11
2017-09-27,22,7,多云,西南风,3级,14.5,15
2017-09-28,21,5,晴,东风,1级,13.0,16
2017-09-29,25,8,多云,西南风,2级,16.5,17
2017-09-30,25,12,多云,东风,2级,18.5,13
2017-08-01,26,20,小雨,东风,2级,23.0,6
2017-08-02,26,20,雷阵雨,东风,1级,23.0,6
2017-08-03,33,19,多云,北风,2级,26.0,14
2017-08-04,33,18,多云,东风,2级,25.5,15
2017-08-05,32,19,中雨,西南风,2级,25.5,13
2017-08-06,33,19,多云,北风,1级,26.0,14
2017-08-07,30,17,多云,西风,1级,23.5,13
2017-08-08,30,18,雷阵雨,西南风,2级,24.0,12
2017-08-09,30,17,雷阵雨,西南风,1级,23.5,13
2017-08-10,33,18,晴,东风,2级,25.5,15
2017-08-11,33,19,雷阵雨,北风,1级,26.0,14
2017-08-12,28,18,雷阵雨,东风,2级,23.0,10
2017-08-13,25,17,雷阵雨,东风,2级,21.0,8
2017-08-14,28,16,多云,东风,2级,22.0,12
2017-08-15,29,17,雷阵雨,东风,2级,23.0,12
2017-08-16,30,19,雷阵雨,西南风,1级,24.5,11
2017-08-17,26,18,雷阵雨,东风,1级,22.0,8
2017-08-18,24,18,阵雨,东风,2级,21.0,6
2017-08-19,24,18,阵雨,东风,2级,21.0,6
2017-08-20,27,18,多云,东风,2级,22.5,9
2017-08-21,28,19,小雨,东风,2级,23.5,9
2017-08-22,24,19,中雨,东风,1级,21.5,5
2017-08-23,29,19,晴,西北风,2级,24.0,10
2017-08-24,30,17,晴,西南风,1级,23.5,13
2017-08-25,28,16,多云,西风,2级,22.0,12
2017-08-26,20,14,小雨,西北风,2级,17.0,6
2017-08-27,17,13,大雨,东北风,1级,15.0,4
2017-08-28,19,12,小雨,东北风,1级,15.5,7
2017-08-29,20,11,小雨,西风,2级,15.5,9
2017-08-30,26,12,晴,西南风,2级,19.0,14
2017-08-31,27,12,晴,东南风,1级,19.5,15
2017-07-01,31,17,雷阵雨,东北风,2级,24.0,14
2017-07-02,33,19,晴,东风,1级,26.0,14
2017-07-03,33,19,雷阵雨,西风,1级,26.0,14
2017-07-04,30,19,雷阵雨,东北风,2级,24.5,11
2017-07-05,29,19,雷阵雨,西北风,2级,24.0,10
2017-07-06,24,17,中雨,西南风,2级,20.5,7
2017-07-07,35,20,晴,西南风,2级,27.5,15
2017-07-08,37,21,晴,西南风,2级,29.0,16
2017-07-09,34,19,多云,西南风,2级,26.5,15
2017-07-10,35,20,晴,西南风,1级,27.5,15
2017-07-11,35,18,晴,南风,2级,26.5,17
2017-07-12,36,19,雷阵雨,东风,2级,27.5,17
2017-07-13,36,21,雷阵雨,东风,2级,28.5,15
2017-07-14,34,21,雷阵雨,东风,2级,27.5,13
2017-07-15,27,20,雷阵雨,东北风,4级,23.5,7
2017-07-16,30,19,多云,东北风,3级,24.5,11
2017-07-17,30,19,阵雨,东南风,2级,24.5,11
2017-07-18,30,20,雷阵雨,东南风,2级,25.0,10
2017-07-19,33,21,多云,东北风,2级,27.0,12
2017-07-20,35,23,多云,东风,3级,29.0,12
2017-07-21,29,21,雷阵雨,东风,3级,25.0,8
2017-07-22,28,20,小雨,东风,2级,24.0,8
2017-07-23,29,21,小雨,北风,微风,25.0,8
2017-07-24,25,18,大到暴雨,东北风,2级,21.5,7
2017-07-25,24,17,阵雨,东风,2级,20.5,7
2017-07-26,20,17,大雨,东风,2级,18.5,3
2017-07-27,24,17,中雨,东南风,1级,20.5,7
2017-07-28,20,16,中雨,东风,2级,18.0,4
2017-07-29,23,16,多云,东南风,2级,19.5,7
2017-07-30,30,16,多云,东风,3级,23.0,14
2017-07-31,29,18,多云,东风,2级,23.5,11
2017-06-01,30,14,晴,东风,4级,22.0,16
2017-06-02,30,12,雷阵雨,东南风,3级,21.0,18
2017-06-03,24,11,多云,东风,2级,17.5,13
2017-06-04,25,14,多云,东南风,3级,19.5,11
2017-06-05,19,10,中雨,东风,5级,14.5,9
2017-06-06,20,11,小雨,西风,2级,15.5,9
2017-06-07,28,13,多云,西北风,2级,20.5,15
2017-06-08,30,12,晴,西风,2级,21.0,18
2017-06-09,33,17,晴,西南风,3级,25.0,16
2017-06-10,27,15,晴,东北风,4级,21.0,12
2017-06-11,30,15,多云,东风,6级,22.5,15
2017-06-12,27,13,雷阵雨,东北风,6级,20.0,14
2017-06-13,22,12,雷阵雨,东风,3级,17.0,10
2017-06-14,28,13,多云,东风,3级,20.5,15
2017-06-15,30,15,晴,东南风,4级,22.5,15
2017-06-16,31,17,晴,东南风,3级,24.0,14
2017-06-17,32,17,雷阵雨,西北风,3级,24.5,15
2017-06-18,32,17,雷阵雨,南风,3级,24.5,15
2017-06-19,29,17,雷阵雨,东南风,2级,23.0,12
2017-06-20,32,16,晴,东风,2级,24.0,16
2017-06-21,29,16,小雨,东南风,4级,22.5,13
2017-06-22,22,14,中雨,东北风,3级,18.0,8
2017-06-23,21,15,中雨,南风,2级,18.0,6
2017-06-24,24,14,雷阵雨,西南风,1级,19.0,10
2017-06-25,29,15,雷阵雨,西北风,2级,22.0,14
2017-06-26,30,14,多云,东风,3级,22.0,16
2017-06-27,31,16,晴,南风,3级,23.5,15
2017-06-28,31,18,阵雨,西风,1级,24.5,13
2017-06-29,31,17,雷阵雨,西风,2级,24.0,14
2017-06-30,31,17,雷阵雨,西南风,1级,24.0,14
2017-05-01,22,8,阴,东风,3级,15.0,14
2017-05-02,24,11,晴,东风,3级,17.5,13
2017-05-03,18,7,小雨,东风,3级,12.5,11
2017-05-04,23,8,多云,东风,3级,15.5,15
2017-05-05,18,6,多云,东风,3级,12.0,12
2017-05-06,25,9,晴,东风,3级,17.0,16
2017-05-07,26,12,多云,东风,3级,19.0,14
2017-05-08,25,9,多云,东风,3级,17.0,16
2017-05-09,27,11,多云,东北风,2级,19.0,16
2017-05-10,29,13,晴,西风,2级,21.0,16
2017-05-11,28,11,晴,西北风,5级,19.5,17
2017-05-12,29,11,多云,西南风,4级,20.0,18
2017-05-13,26,11,晴,东南风,2级,18.5,15
2017-05-14,22,10,多云,东风,2级,16.0,12
2017-05-15,22,10,阵雨,南风,2级,16.0,12
2017-05-16,30,14,晴,东南风,3级,22.0,16
2017-05-17,33,16,晴,东风,3级,24.5,17
2017-05-18,32,16,多云,西南风,4级,24.0,16
2017-05-19,30,14,多云,东南风,5级,22.0,16
2017-05-20,29,14,多云,东南风,5级,21.5,15
2017-05-21,29,14,多云,东风,3级,21.5,15
2017-05-22,21,10,中雨,西风,3级,15.5,11
2017-05-23,23,9,晴,东南风,1级,16.0,14
2017-05-24,28,12,晴,西风,3级,20.0,16
2017-05-25,29,12,晴,东风,4级,20.5,17
2017-05-26,31,15,晴,西风,4级,23.0,16
2017-05-27,35,18,晴,西风,4级,26.5,17
2017-05-28,35,18,晴,东北风,5级,26.5,17
2017-05-29,29,15,多云,东风,4级,22.0,14
2017-05-30,28,13,阵雨,东北风,3级,20.5,15
2017-05-31,32,15,晴,西风,2级,23.5,17
2017-04-01,17,2,晴,西北风,3级,9.5,15
2017-04-02,21,4,晴,东北风,2级,12.5,17
2017-04-03,22,6,多云,东北风,4级,14.0,16
2017-04-04,14,5,小雨,东北风,4级,9.5,9
2017-04-05,19,5,多云,东南风,2级,12.0,14
2017-04-06,23,6,多云,东风,4级,14.5,17
2017-04-07,20,9,多云,东北风,3级,14.5,11
2017-04-08,11,4,小雨,东南风,4级,7.5,7
2017-04-09,8,3,小雨,西风,3级,5.5,5
2017-04-10,14,5,阴,西北风,4级,9.5,9
2017-04-11,17,4,多云,东北风,2级,10.5,13
2017-04-12,19,5,多云,西南风,3级,12.0,14
2017-04-13,15,5,阵雨,西南风,4级,10.0,10
2017-04-14,22,7,晴,西风,3级,14.5,15
2017-04-15,25,9,多云,西风,3级,17.0,16
2017-04-16,23,8,多云,西风,4级,15.5,15
2017-04-17,23,8,多云,西风,7级,15.5,15
2017-04-18,24,8,晴,西风,4级,16.0,16
2017-04-19,17,4,阵雨,西北风,4级,10.5,13
2017-04-20,19,4,多云,西风,7级,11.5,15
2017-04-21,17,4,晴,西北风,2级,10.5,13
2017-04-22,22,6,晴,西风,5级,14.0,16
2017-04-23,24,9,多云,东北风,5级,16.5,15
2017-04-24,21,7,晴,东北风,2级,14.0,14
2017-04-25,14,1,多云,东风,3级,7.5,13
2017-04-26,18,4,晴,东风,3级,11.0,14
2017-04-27,21,5,晴,东风,3级,13.0,16
2017-04-28,26,9,晴,东风,3级,17.5,17
2017-04-29,29,10,晴,东风,3级,19.5,19
2017-04-30,26,9,晴,东风,3级,17.5,17
2017-03-01,6,-7,晴,西北风,3级,-0.5,13
2017-03-02,12,-5,晴,西南风,3级,3.5,17
2017-03-03,15,-4,晴,东北风,2级,5.5,19
2017-03-05,9,-5,多云,西北风,2级,2.0,14
2017-03-06,10,-5,晴,东北风,2级,2.5,15
2017-03-07,7,-6,晴,西北风,2级,0.5,13
2017-03-08,9,-5,晴,西北风,3级,2.0,14
2017-03-09,12,-3,晴,西南风,2级,4.5,15
2017-03-10,16,0,多云,东风,3级,8.0,16
2017-03-11,14,1,阴,东南风,1级,7.5,13
2017-03-12,7,-5,多云,东风,1级,1.0,12
2017-03-13,8,-4,多云,东南风,1级,2.0,12
2017-03-14,12,-3,晴,东南风,2级,4.5,15
2017-03-15,12,-3,多云,东风,3级,4.5,15
2017-03-16,14,0,晴,东风,1级,7.0,14
2017-03-17,14,0,阴,南风,1级,7.0,14
2017-03-18,15,2,多云,东风,2级,8.5,13
2017-03-19,14,2,阴,东风,3级,8.0,12
2017-03-20,8,-1,小雨,东北风,1级,3.5,9
2017-03-21,12,1,阴,东风,2级,6.5,11
2017-03-22,7,0,阴,东风,2级,3.5,7
2017-03-23,4,0,小雨,东风,3级,2.0,4
2017-03-24,10,-2,多云,西风,5级,4.0,12
2017-03-25,10,-1,多云,西北风,3级,4.5,11
2017-03-26,11,-2,晴,西风,5级,4.5,13
2017-03-27,13,-1,多云,东南风,5级,6.0,14
2017-03-28,10,1,阴,东南风,3级,5.5,9
2017-03-29,18,3,晴,东北风,4级,10.5,15
2017-03-30,14,2,阴,东风,3级,8.0,12
2017-03-31,13,-1,多云,西北风,4级,6.0,14
2017-02-01,3,-9,多云,东风,2级,-3.0,12
2017-02-02,6,-7,阴,东风,2级,-0.5,13
2017-02-03,10,-7,晴,东风,1级,1.5,17
2017-02-04,10,-7,晴,东南风,1级,1.5,17
2017-02-05,9,-7,晴,东风,1级,1.0,16
2017-02-06,1,-7,多云,东南风,2级,-3.0,8
2017-02-07,0,-5,阴,东南风,2级,-2.5,5
2017-02-08,1,-11,阵雪,西北风,2级,-5.0,12
2017-02-09,2,-11,晴,北风,2级,-4.5,13
2017-02-10,4,-10,晴,西南风,2级,-3.0,14
2017-02-11,7,-6,晴,西北风,1级,0.5,13
2017-02-12,9,-9,晴,西南风,2级,0.0,18
2017-02-13,10,-8,晴,东南风,1级,1.0,18
2017-02-14,10,-5,多云,西风,2级,2.5,15
2017-02-15,16,-1,多云,西风,1级,7.5,17
2017-02-16,10,-3,多云,东南风,2级,3.5,13
2017-02-17,7,-5,晴,东风,2级,1.0,12
2017-02-18,15,-2,晴,西南风,2级,6.5,17
2017-02-19,15,-4,晴,东风,2级,5.5,19
2017-02-20,2,-7,多云,东风,2级,-2.5,9
2017-02-21,0,-7,中雪,东风,1级,-3.5,7
2017-02-22,5,-8,多云,西北风,2级,-1.5,13
2017-02-23,6,-6,晴,西风,2级,0.0,12
2017-02-24,8,-5,晴,西风,1级,1.5,13
2017-02-25,9,-4,晴,西风,1级,2.5,13
2017-02-26,9,-3,多云,西风,1级,3.0,12
2017-02-27,12,-4,晴,东北风,1级,4.0,16
2017-02-28,11,-3,多云,西风,3级,4.0,14
2017-01-01,9,-5,晴,西风,2级,2.0,14
2017-01-02,8,-4,晴,西风,2级,2.0,12
2017-01-03,10,-4,多云,西风,2级,3.0,14
2017-01-04,6,-6,多云,东南风,1级,0.0,12
2017-01-05,0,-4,阵雪,北风,微风,-2.0,4
2017-01-06,4,-3,霾,东风,1级,0.5,7
2017-01-07,2,-7,阵雪,东南风,1级,-2.5,9
2017-01-08,5,-9,晴,西北风,2级,-2.0,14
2017-01-09,3,-7,晴,西北风,2级,-2.0,10
2017-01-10,2,-9,晴,北风,1级,-3.5,11
2017-01-11,3,-8,晴,西风,3级,-2.5,11
2017-01-12,4,-8,晴,西风,2级,-2.0,12
2017-01-13,4,-8,晴,东风,2级,-2.0,12
2017-01-14,1,-11,晴,东风,2级,-5.0,12
2017-01-15,1,-10,多云,东北风,2级,-4.5,11
2017-01-16,1,-9,阴,东风,1级,-4.0,10
2017-01-17,0,-11,晴,南风,1级,-5.5,11
2017-01-18,1,-10,阴,东风,1级,-4.5,11
2017-01-19,-5,-15,晴,西南风,3级,-10.0,10
2017-01-20,0,-12,晴,西风,2级,-6.0,12
2017-01-21,0,-11,晴,北风,1级,-5.5,11
2017-01-22,2,-14,晴,西北风,1级,-6.0,16
2017-01-23,4,-10,晴,东风,2级,-3.0,14
2017-01-24,4,-9,晴,东风,1级,-2.5,13
2017-01-25,6,-9,晴,西北风,1级,-1.5,15
2017-01-26,7,-10,晴,西北风,2级,-1.5,17
2017-01-27,4,-6,多云,东南风,1级,-1.0,10
2017-01-28,4,-6,阴,东南风,1级,-1.0,10
2017-01-29,1,-14,多云,西风,2级,-6.5,15
2017-01-30,-2,-15,多云,东南风,1级,-8.5,13
2017-01-31,3,-8,多云,东风,2级,-2.5,11
2016-12-01,9,-5,晴,西风,1级,2.0,14
2016-12-02,12,-3,多云,西风,1级,4.5,15
2016-12-03,11,-3,霾,西风,2级,4.0,14
2016-12-04,11,-3,晴,西风,2级,4.0,14
2016-12-05,5,-6,多云,西风,3级,-0.5,11
2016-12-06,9,-3,晴,西风,3级,3.0,12
2016-12-07,8,-3,晴,西风,2级,2.5,11
2016-12-08,9,-7,晴,西风,1级,1.0,16
2016-12-09,4,-7,多云,东风,1级,-1.5,11
2016-12-10,5,-7,晴,东风,1级,-1.0,12
2016-12-11,4,-9,多云,东北风,2级,-2.5,13
2016-12-12,5,-4,阴,东风,2级,0.5,9
2016-12-13,0,-7,小雪,东风,1级,-3.5,7
2016-12-14,3,-6,晴,西南风,2级,-1.5,9
2016-12-15,4,-7,晴,西南风,2级,-1.5,11
2016-12-16,9,-5,晴,西北风,1级,2.0,14
2016-12-17,8,-6,多云,东北风,1级,1.0,14
2016-12-18,9,-6,多云,北风,1级,1.5,15
2016-12-19,8,-6,霾,西风,2级,1.0,14
2016-12-20,5,-5,雨夹雪,北风,2级,0.0,10
2016-12-21,6,-4,阴,西风,2级,1.0,10
2016-12-22,4,-8,晴,西风,2级,-2.0,12
2016-12-23,5,-9,晴,东风,1级,-2.0,14
2016-12-24,4,-7,多云,东风,2级,-1.5,11
2016-12-25,1,-6,雨夹雪,东南风,1级,-2.5,7
2016-12-26,0,-9,小雪,西风,2级,-4.5,9
2016-12-27,1,-10,晴,西风,2级,-4.5,11
2016-12-28,2,-12,晴,西北风,1级,-5.0,14
2016-12-29,2,-10,晴,西风,2级,-4.0,12
2016-12-30,4,-10,晴,西风,2级,-3.0,14
2016-12-31,8,-5,霾,西风,1级,1.5,13
2016-11-01,9,-2,晴,东南风,1级,3.5,11
2016-11-02,12,0,晴,西风,4级,6.0,12
2016-11-03,18,4,晴,西风,2级,11.0,14
2016-11-04,20,4,晴,西风,2级,12.0,16
2016-11-05,19,2,晴,东风,3级,10.5,17
2016-11-06,10,3,小雨,西南风,1级,6.5,7
2016-11-07,9,-3,多云,西北风,2级,3.0,12
2016-11-08,10,-2,晴,东风,1级,4.0,12
2016-11-09,11,-2,多云,西风,1级,4.5,13
2016-11-10,9,0,多云,西风,2级,4.5,9
2016-11-11,16,1,晴,西风,2级,8.5,15
2016-11-12,16,0,晴,东风,2级,8.0,16
2016-11-13,17,0,晴,北风,1级,8.5,17
2016-11-14,12,-2,晴,西南风,2级,5.0,14
2016-11-15,11,-1,多云,东风,1级,5.0,12
2016-11-16,13,-1,多云,东风,1级,6.0,14
2016-11-17,12,0,多云,东风,1级,6.0,12
2016-11-18,13,1,阴,西风,3级,7.0,12
2016-11-19,12,-2,多云,西风,1级,5.0,14
2016-11-20,9,-6,小雨,东风,2级,1.5,15
2016-11-21,-3,-9,中到大雪,东风,1级,-6.0,6
2016-11-22,-2,-9,多云,西风,1级,-5.5,7
2016-11-23,0,-10,晴,西风,2级,-5.0,10
2016-11-24,5,-10,晴,西南风,1级,-2.5,15
2016-11-25,6,-4,多云,西风,2级,1.0,10
2016-11-26,7,-4,晴,西风,2级,1.5,11
2016-11-27,7,-6,晴,东南风,1级,0.5,13
2016-11-28,9,-3,多云,东北风,1级,3.0,12
2016-11-29,3,-3,小雨,南风,1级,0.0,6
2016-11-30,6,-5,晴,西风,3级,0.5,11
2016-10-01,25,11,多云,北风,2级,18.0,14
2016-10-02,26,11,多云,东风,2级,18.5,15
2016-10-03,27,12,晴,东风,2级,19.5,15
2016-10-04,22,10,多云,西风,3级,16.0,12
2016-10-05,22,9,多云,西风,1级,15.5,13
2016-10-06,14,7,小雨,东风,2级,10.5,7
2016-10-07,17,5,小雨,北风,1级,11.0,12
2016-10-08,17,2,晴,东北风,2级,9.5,15
2016-10-09,15,5,多云,北风,微风,10.0,10
2016-10-10,20,5,晴,西风,1级,12.5,15
2016-10-11,20,6,多云,东风,2级,13.0,14
2016-10-12,18,6,多云,东风,1级,12.0,12
2016-10-13,21,7,晴,西风,1级,14.0,14
2016-10-14,19,8,多云,东风,1级,13.5,11
2016-10-15,13,7,小雨,北风,微风,10.0,6
2016-10-16,21,6,多云,西风,3级,13.5,15
2016-10-17,19,5,多云,东风,1级,12.0,14
2016-10-18,22,7,晴,东风,2级,14.5,15
2016-10-19,22,7,多云,东南风,1级,14.5,15
2016-10-20,15,7,小雨,东风,2级,11.0,8
2016-10-21,14,7,阵雨,东北风,1级,10.5,7
2016-10-22,10,7,小雨,东南风,2级,8.5,3
2016-10-23,11,4,阴,南风,1级,7.5,7
2016-10-24,9,5,小雨,西风,1级,7.0,4
2016-10-25,14,5,多云,西风,1级,9.5,9
2016-10-26,14,4,多云,东风,2级,9.0,10
2016-10-27,8,4,中雨,东风,1级,6.0,4
2016-10-28,10,-1,多云,北风,2级,4.5,11
2016-10-29,10,-2,多云,西风,2级,4.0,12
2016-10-30,12,0,多云,东风,3级,6.0,12
2016-10-31,5,-5,多云,东风,1级,0.0,10
2016-09-01,27,12,晴,西风,2级,19.5,15
2016-09-02,29,11,晴,东南风,1级,20.0,18
2016-09-03,27,13,小雨,东风,2级,20.0,14
2016-09-04,26,13,多云,北风,2级,19.5,13
2016-09-05,28,14,多云,北风,微风,21.0,14
2016-09-06,23,11,阵雨,西北风,1级,17.0,12
2016-09-07,27,14,多云,西南风,2级,20.5,13
2016-09-08,28,13,多云,西风,1级,20.5,15
2016-09-09,27,12,多云,西风,1级,19.5,15
2016-09-10,25,11,阵雨,北风,微风,18.0,14
2016-09-11,23,11,阵雨,东风,2级,17.0,12
2016-09-12,23,13,多云,西风,2级,18.0,10
2016-09-13,24,13,多云,东风,1级,18.5,11
2016-09-14,26,13,多云,东风,1级,19.5,13
2016-09-15,28,12,晴,东南风,1级,20.0,16
2016-09-16,27,14,多云,东风,2级,20.5,13
2016-09-17,21,13,中雨,东北风,2级,17.0,8
2016-09-18,17,10,中雨,西风,1级,13.5,7
2016-09-19,19,9,多云,东风,1级,14.0,10
2016-09-20,22,10,多云,东风,2级,16.0,12
2016-09-21,24,10,阵雨,北风,1级,17.0,14
2016-09-22,25,12,多云,西南风,1级,18.5,13
2016-09-23,27,13,晴,东风,1级,20.0,14
2016-09-24,28,13,多云,西南风,1级,20.5,15
2016-09-25,23,13,阵雨,东风,2级,18.0,10
2016-09-26,23,13,阴,北风,1级,18.0,10
2016-09-27,20,8,多云,东风,2级,14.0,12
2016-09-28,16,6,多云,东风,1级,11.0,10
2016-09-29,20,8,多云,东北风,1级,14.0,12
2016-09-30,22,11,多云,东风,1级,16.5,11
2016-08-01,28,20,雷阵雨,北风~东风,小于3级,24.0,8
2016-08-02,29,19,多云,北风~东风,小于3级,24.0,10
2016-08-03,29,19,晴,东风,2级,24.0,10
2016-08-04,27,19,雷阵雨,东风,3级,23.0,8
2016-08-05,26,19,阵雨,东北风,1级,22.5,7
2016-08-06,28,19,雷阵雨,东风,2级,23.5,9
2016-08-07,26,17,阵雨,东风,2级,21.5,9
2016-08-08,26,19,多云,东风,2级,22.5,7
2016-08-09,26,19,阵雨,东风,2级,22.5,7
2016-08-10,29,20,多云,东风,2级,24.5,9
2016-08-11,30,21,多云,东风,2级,25.5,9
2016-08-12,32,22,雷阵雨,北风,微风,27.0,10
2016-08-13,26,21,阵雨,东风,2级,23.5,5
2016-08-14,25,20,中雨,东南风,1级,22.5,5
2016-08-15,20,17,大到暴雨,东北风,2级,18.5,3
2016-08-16,22,17,小雨,西风,1级,19.5,5
2016-08-17,24,19,小雨,东北风,2级,21.5,5
2016-08-18,25,21,中雨,西风,1级,23.0,4
2016-08-19,25,18,多云,东南风,2级,21.5,7
2016-08-20,28,18,阵雨,东风,1级,23.0,10
2016-08-21,29,17,多云,东南风,1级,23.0,12
2016-08-22,28,16,晴,东风,2级,22.0,12
2016-08-23,28,19,多云,东风,2级,23.5,9
2016-08-24,27,20,中雨,东北风,1级,23.5,7
2016-08-25,24,14,阴,东风,2级,19.0,10
2016-08-26,23,13,多云,东风,1级,18.0,10
2016-08-27,25,13,晴,东南风,1级,19.0,12
2016-08-28,26,11,晴,东风,2级,18.5,15
2016-08-29,25,13,晴,东风,2级,19.0,12
2016-08-30,25,14,多云,西北风,1级,19.5,11
2016-08-31,29,14,晴,西北风,2级,21.5,15
2016-07-01,27,16,雷阵雨~多云,北风~东风,小于3级,21.5,11
2016-07-02,27,17,阵雨~多云,北风~东风,小于3级,22.0,10
2016-07-03,28,17,阵雨,北风~东风,小于3级,22.5,11
2016-07-04,26,17,阵雨~多云,北风~东风,小于3级,21.5,9
2016-07-05,27,17,阵雨~多云,北风~东风,小于3级,22.0,10
2016-07-06,27,16,多云,北风~东风,小于3级,21.5,11
2016-07-07,27,17,多云~阴,北风~东风,小于3级,22.0,10
2016-07-08,25,18,大雨~中雨,北风~东风,小于3级,21.5,7
2016-07-09,24,19,小雨~阵雨,北风~东风,小于3级,21.5,5
2016-07-10,29,18,多云,北风~东风,小于3级,23.5,11
2016-07-11,28,20,阵雨,北风~东风,小于3级,24.0,8
2016-07-12,29,20,多云,北风~东风,小于3级,24.5,9
2016-07-13,28,19,多云,北风~东风,小于3级,23.5,9
2016-07-14,22,16,中雨转阵雨,北风~东风,小于3级,19.0,6
2016-07-15,23,16,阵雨,北风~东风,小于3级,19.5,7
2016-07-16,21,15,大雨转小雨,北风~东风,小于3级,18.0,6
2016-07-17,25,16,多云,北风~东风,小于3级,20.5,9
2016-07-18,26,17,多云转小雨,北风~东风,小于3级,21.5,9
2016-07-19,20,17,暴雨,北风~东风,小于3级,18.5,3
2016-07-20,19,17,大到暴雨,北风~东风,小于3级,18.0,2
2016-07-21,26,19,多云,北风~东风,小于3级,22.5,7
2016-07-22,32,19,晴~阴,北风~东风,小于3级,25.5,13
2016-07-23,31,21,多云,北风~东风,小于3级,26.0,10
2016-07-24,29,20,中雨,北风~东风,小于3级,24.5,9
2016-07-25,30,20,雷阵雨,北风~东风,小于3级,25.0,10
2016-07-26,31,19,多云,北风~东风,小于3级,25.0,12
2016-07-27,31,20,多云,北风~东风,小于3级,25.5,11
2016-07-28,33,19,阵雨,北风~东风,小于3级,26.0,14
2016-07-29,32,19,晴,北风~东风,小于3级,25.5,13
2016-07-30,30,20,雷阵雨,北风~东风,小于3级,25.0,10
2016-07-31,31,20,雷阵雨,北风~东风,小于3级,25.5,11
2016-06-01,24,13,多云,北风~东风,小于3级,18.5,11
2016-06-02,25,12,晴~多云,北风~东风,小于3级,18.5,13
2016-06-03,24,12,阵雨~多云,北风~东风,小于3级,18.0,12
2016-06-04,20,12,中雨,北风~东风,小于3级,16.0,8
2016-06-05,18,11,小雨~多云,暂无实况,,14.5,7
2016-06-06,24,14,多云,暂无实况,,19.0,10
2016-06-07,21,12,阵雨~晴,暂无实况,,16.5,9
2016-06-08,27,14,晴,北风~东风,小于3级,20.5,13
2016-06-09,29,17,多云~晴,北风~东风,小于3级,23.0,12
2016-06-10,31,14,多云,北风~东风,小于3级,22.5,17
2016-06-11,25,12,多云,北风~东风,小于3级,18.5,13
2016-06-12,28,16,多云,北风~东风,小于3级,22.0,12
2016-06-13,26,16,雷阵雨~阵雨,北风~东风,小于3级,21.0,10
2016-06-14,26,14,阵雨,北风~东风,小于3级,20.0,12
2016-06-15,27,14,多云~晴,北风~东风,小于3级,20.5,13
2016-06-16,30,16,晴,北风~东风,小于3级,23.0,14
2016-06-17,32,17,多云,北风~东风,小于3级,24.5,15
2016-06-18,31,17,多云,北风~东风,小于3级,24.0,14
2016-06-19,29,19,阴~阵雨,北风~东风,小于3级,24.0,10
2016-06-20,32,19,多云,北风~东风,小于3级,25.5,13
2016-06-21,33,20,阵雨~多云,北风~东风,小于3级,26.5,13
2016-06-22,34,20,晴,北风~东风,小于3级,27.0,14
2016-06-23,25,14,阵雨~晴,北风~东风,小于3级,19.5,11
2016-06-24,28,13,多云~晴,北风~东风,小于3级,20.5,15
2016-06-25,29,15,晴,北风~东风,小于3级,22.0,14
2016-06-26,29,16,多云,北风~东风,小于3级,22.5,13
2016-06-27,31,16,阵雨~多云,北风~东风,小于3级,23.5,15
2016-06-28,30,15,雷阵雨~多云,北风~东风,小于3级,22.5,15
2016-06-29,30,16,多云,北风~东风,小于3级,23.0,14
2016-06-30,29,16,雷阵雨~阵雨,北风~东风,小于3级,22.5,13
2016-05-01,29,15,多云,北风~东风,小于3级,22.0,14
2016-05-02,17,8,多云~晴,北风~东风,小于3级,12.5,9
2016-05-03,19,7,小雨~多云,北风~东风,小于3级,13.0,12
2016-05-04,28,13,晴,北风~东风,小于3级,20.5,15
2016-05-05,28,12,晴~多云,北风~东风,小于3级,20.0,16
2016-05-06,21,8,多云,北风~东风,小于3级,14.5,13
2016-05-07,16,9,多云,北风~东风,小于3级,12.5,7
2016-05-08,24,11,多云,北风~东风,小于3级,17.5,13
2016-05-09,23,8,阵雨,北风~东风,小于3级,15.5,15
2016-05-10,21,9,阵雨~阴,北风~东风,小于3级,15.0,12
2016-05-11,30,18,多云,北风~东风,小于3级,24.0,12
2016-05-12,19,7,晴,北风~东风,小于3级,13.0,12
2016-05-13,17,7,小雨~中雨,北风~东风,小于3级,12.0,10
2016-05-14,13,4,小雨~多云,北风~东风,小于3级,8.5,9
2016-05-15,20,6,多云,北风~东风,小于3级,13.0,14
2016-05-16,26,9,晴~多云,北风~东风,小于3级,17.5,17
2016-05-17,28,11,晴,北风~东风,小于3级,19.5,17
2016-05-18,26,10,多云~晴,北风~东风,小于3级,18.0,16
2016-05-19,25,11,多云,北风~东风,小于3级,18.0,14
2016-05-20,24,11,晴~多云,北风~东风,小于3级,17.5,13
2016-05-21,23,11,多云,北风~东风,小于3级,17.0,12
2016-05-22,23,12,多云,北风~东风,小于3级,17.5,11
2016-05-23,20,9,小雨~多云,北风~东风,小于3级,14.5,11
2016-05-24,25,11,多云~阴,北风~东风,小于3级,18.0,14
2016-05-25,23,11,多云~阴,北风~东风,小于3级,17.0,12
2016-05-26,24,12,多云,北风~东风,小于3级,18.0,12
2016-05-27,24,11,多云,北风~东风,小于3级,17.5,13
2016-05-28,25,11,多云,北风~东风,小于3级,18.0,14
2016-05-29,28,14,多云,北风~东风,小于3级,21.0,14
2016-05-30,31,15,晴~多云,北风~东风,小于3级,23.0,16
2016-05-31,25,12,多云~晴,北风~东风,小于3级,18.5,13
2016-04-01,22,9,多云,北风~东风,小于3级,15.5,13
2016-04-02,22,7,多云,北风~东风,小于3级,14.5,15
2016-04-03,10,2,多云,北风~东风,小于3级,6.0,8
2016-04-04,15,3,多云,北风~东风,小于3级,9.0,12
2016-04-05,22,7,多云,北风~东风,小于3级,14.5,15
2016-04-06,23,10,多云,北风~东风,小于3级,16.5,13
2016-04-07,20,3,晴,北风~东风,小于3级,11.5,17
2016-04-08,21,6,晴,北风~东风,小于3级,13.5,15
2016-04-09,24,6,多云~晴,北风~东风,小于3级,15.0,18
2016-04-10,24,2,多云,北风~东风,小于3级,13.0,22
2016-04-11,18,5,多云~阵雨,北风~东风,小于3级,11.5,13
2016-04-12,18,5,多云~阵雨,北风~东风,小于3级,11.5,13
2016-04-13,23,6,晴,北风~东风,小于3级,14.5,17
2016-04-14,22,7,晴,北风~东风,小于3级,14.5,15
2016-04-15,19,7,中雨~阵雨,北风~东风,小于3级,13.0,12
2016-04-16,18,3,多云,北风~东风,小于3级,10.5,15
2016-04-17,17,3,多云~晴,北风~东风,小于3级,10.0,14
2016-04-18,18,4,多云,北风~东风,小于3级,11.0,14
2016-04-19,21,7,多云,北风~东风,小于3级,14.0,14
2016-04-20,21,7,多云~晴,北风~东风,小于3级,14.0,14
2016-04-21,26,7,晴,北风~东风,小于3级,16.5,19
2016-04-22,26,6,晴,北风~东风,小于3级,16.0,20
2016-04-23,19,5,多云,北风~东风,小于3级,12.0,14
2016-04-24,19,6,多云,北风~东风,小于3级,12.5,13
2016-04-25,24,8,晴~多云,北风~东风,小于3级,16.0,16
2016-04-26,21,9,多云~小雨,北风~东风,小于3级,15.0,12
2016-04-27,15,5,小雨~阴,北风~东风,小于3级,10.0,10
2016-04-28,19,8,多云~晴,北风~东风,小于3级,13.5,11
2016-04-29,27,13,晴,北风~东风,小于3级,20.0,14
2016-04-30,30,15,多云,北风~东风,小于3级,22.5,15
2016-03-01,12,-2,晴,北风~东风,小于3级,5.0,14
2016-03-02,15,0,晴,北风~东风,小于3级,7.5,15
2016-03-03,19,1,晴,北风~东风,小于3级,10.0,18
2016-03-04,14,-2,多云~阴,北风~东风,小于3级,6.0,16
2016-03-05,11,-3,多云,北风~东风,小于3级,4.0,14
2016-03-06,12,-2,多云,北风~东风,小于3级,5.0,14
2016-03-07,13,-4,晴~多云,北风~东风,小于3级,4.5,17
2016-03-08,6,-7,多云~小雪,北风~东风,小于3级,-0.5,13
2016-03-09,-3,-8,小雪~多云,北风~东风,小于3级,-5.5,5
2016-03-10,4,-8,晴,北风~东风,小于3级,-2.0,12
2016-03-11,7,-5,晴,北风~东风,小于3级,1.0,12
2016-03-12,10,-3,多云~晴,北风~东风,小于3级,3.5,13
2016-03-13,8,-4,晴,北风~东风,小于3级,2.0,12
2016-03-14,12,-1,晴~多云,北风~东风,小于3级,5.5,13
2016-03-15,12,0,多云,北风~东风,小于3级,6.0,12
2016-03-16,16,2,多云,北风~东风,小于3级,9.0,14
2016-03-17,19,3,多云,北风~东风,小于3级,11.0,16
2016-03-18,19,2,晴,北风~东风,小于3级,10.5,17
2016-03-19,17,0,多云,北风~东风,小于3级,8.5,17
2016-03-20,11,1,多云,北风~东风,小于3级,6.0,10
2016-03-21,15,2,多云~阴,北风~东风,小于3级,8.5,13
2016-03-22,11,0,小雨,北风~东风,小于3级,5.5,11
2016-03-23,9,-1,多云,北风~东风,小于3级,4.0,10
2016-03-24,5,-1,小雨~阵雨,北风~东风,小于3级,2.0,6
2016-03-25,8,-3,多云~晴,北风~东风,小于3级,2.5,11
2016-03-26,13,-1,晴,北风~东风,小于3级,6.0,14
2016-03-27,16,2,晴,北风~东风,小于3级,9.0,14
2016-03-28,19,2,晴,北风~东风,小于3级,10.5,17
2016-03-29,19,2,晴,北风~东风,小于3级,10.5,17
2016-03-30,20,5,多云,北风~东风,小于3级,12.5,15
2016-03-31,25,9,晴,北风~东风,小于3级,17.0,16
2016-02-01,-2,-14,晴,北风~东风,小于3级,-8.0,12
2016-02-02,3,-9,晴,北风~东风,小于3级,-3.0,12
2016-02-03,5,-9,晴~多云,北风~东风,小于3级,-2.0,14
2016-02-04,3,-9,多云,北风~东风,小于3级,-3.0,12
2016-02-05,2,-9,晴,北风~东风,小于3级,-3.5,11
2016-02-06,2,-8,晴,北风~东风,小于3级,-3.0,10
2016-02-07,6,-4,晴,北风~东风,小于3级,1.0,10
2016-02-08,10,-4,晴,北风~东风,小于3级,3.0,14
2016-02-09,12,-4,晴,北风~东风,小于3级,4.0,16
2016-02-10,10,-3,多云~雨夹雪,北风~东风,小于3级,3.5,13
2016-02-11,6,-1,小雨~雨夹雪,北风~东风,小于3级,2.5,7
2016-02-12,3,-1,小雨~雨夹雪,北风~东风,小于3级,1.0,4
2016-02-13,1,-9,阴~晴,北风~东风,小于3级,-4.0,10
2016-02-14,-2,-10,晴,北风~东风,小于3级,-6.0,8
2016-02-15,1,-9,晴,北风~东风,小于3级,-4.0,10
2016-02-16,2,-9,晴,北风~东风,小于3级,-3.5,11
2016-02-17,8,-4,晴,北风~东风,小于3级,2.0,12
2016-02-18,8,-6,晴,北风~东风,小于3级,1.0,14
2016-02-19,5,-6,多云,北风~东风,小于3级,-0.5,11
2016-02-20,2,-9,多云,北风~东风,小于3级,-3.5,11
2016-02-21,5,-4,多云,北风~东风,小于3级,0.5,9
2016-02-22,7,-5,多云,北风~东风,小于3级,1.0,12
2016-02-23,4,-8,多云,北风~东风,小于3级,-2.0,12
2016-02-24,4,-8,晴,北风~东风,小于3级,-2.0,12
2016-02-25,6,-6,晴,北风~东风,小于3级,0.0,12
2016-02-26,9,-6,晴,北风~东风,小于3级,1.5,15
2016-02-27,7,-6,阴~多云,北风~东风,小于3级,0.5,13
2016-02-28,4,-8,多云~晴,北风~东风,小于3级,-2.0,12
2016-02-29,6,-7,晴,北风~东风,小于3级,-0.5,13
2016-01-01,10,-5,晴,北风~东风,小于3级,2.5,15
2016-01-02,12,-4,晴,北风~东风,小于3级,4.0,16
2016-01-03,10,-6,晴,北风~东风,小于3级,2.0,16
2016-01-04,2,-8,雨夹雪~小雪,北风~东风,小于3级,-3.0,10
2016-01-05,0,-8,多云,北风~东风,小于3级,-4.0,8
2016-01-06,0,-11,晴,北风~东风,小于3级,-5.5,11
2016-01-07,1,-12,晴,北风~东风,小于3级,-5.5,13
2016-01-08,3,-8,晴,北风~东风,小于3级,-2.5,11
2016-01-09,3,-8,晴,北风~东风,小于3级,-2.5,11
2016-01-10,1,-12,多云~阴,北风~东风,小于3级,-5.5,13
2016-01-11,-2,-12,晴,北风~东风,小于3级,-7.0,10
2016-01-12,-1,-13,晴,北风~东风,小于3级,-7.0,12
2016-01-13,1,-12,多云,北风~东风,小于3级,-5.5,13
2016-01-14,2,-9,晴,北风~东风,小于3级,-3.5,11
2016-01-15,3,-8,晴,北风~东风,小于3级,-2.5,11
2016-01-16,4,-8,多云,北风~东风,小于3级,-2.0,12
2016-01-17,-2,-12,晴,北风~东风,小于3级,-7.0,10
2016-01-18,-4,-15,晴,北风~东风,小于3级,-9.5,11
2016-01-19,-2,-11,晴,北风~东风,小于3级,-6.5,9
2016-01-20,-2,-12,阴,北风~东风,小于3级,-7.0,10
2016-01-21,-3,-13,阴~中雪,北风~东风,小于3级,-8.0,10
2016-01-22,-8,-18,阴~多云,北风~东风,小于3级,-13.0,10
2016-01-23,-14,-20,晴,北风~东风,小于3级,-17.0,6
2016-01-24,-9,-17,晴,北风~东风,小于3级,-13.0,8
2016-01-25,0,-14,晴,北风~东风,小于3级,-7.0,14
2016-01-26,0,-13,晴,北风~东风,小于3级,-6.5,13
2016-01-27,3,-9,晴~多云,北风~东风,小于3级,-3.0,12
2016-01-28,3,-10,多云,北风~东风,小于3级,-3.5,13
2016-01-29,2,-10,多云,北风~东风,小于3级,-4.0,12
2016-01-30,-6,-12,小雪,北风~东风,小于3级,-9.0,6
2016-01-31,-5,-12,小雪,北风~东风,小于3级,-8.5,7
2015-12-01,7,-7,晴,北风~东风,小于3级,0.0,14
2015-12-02,3,-7,晴,北风~东风,小于3级,-2.0,10
2015-12-03,0,-9,晴,北风~东风,小于3级,-4.5,9
2015-12-04,4,-7,晴,北风~东风,小于3级,-1.5,11
2015-12-05,5,-7,晴~阴,北风~东风,小于3级,-1.0,12
2015-12-06,5,-4,小雨~小雪,北风~东风,小于3级,0.5,9
2015-12-07,5,-4,雨夹雪~小雪,北风~东风,小于3级,0.5,9
2015-12-08,5,-6,多云,北风~东风,小于3级,-0.5,11
2015-12-09,5,-4,多云,北风~东风,小于3级,0.5,9
2015-12-10,5,-4,多云,北风~东风,小于3级,0.5,9
2015-12-11,3,-4,多云,北风~东风,小于3级,-0.5,7
2015-12-12,3,-5,多云~阴,北风~东风,小于3级,-1.0,8
2015-12-13,4,-3,多云~阴,北风~东风,小于3级,0.5,7
2015-12-14,3,-4,阴~小雪,北风~东风,小于3级,-0.5,7
2015-12-15,-1,-10,晴,北风~东风,小于3级,-5.5,9
2015-12-16,-1,-11,晴,北风~东风,小于3级,-6.0,10
2015-12-17,3,-9,晴~多云,北风~东风,小于3级,-3.0,12
2015-12-18,5,-8,多云,北风~东风,小于3级,-1.5,13
2015-12-19,3,-8,多云,北风~东风,小于3级,-2.5,11
2015-12-20,4,-8,多云,北风~东风,小于3级,-2.0,12
2015-12-21,5,-5,多云,北风~东风,小于3级,0.0,10
2015-12-22,5,-7,阴~晴,北风~东风,小于3级,-1.0,12
2015-12-23,3,-6,阴~多云,北风~东风,小于3级,-1.5,9
2015-12-24,5,-7,多云,北风~东风,小于3级,-1.0,12
2015-12-25,6,-5,晴,北风~东风,小于3级,0.5,11
2015-12-26,6,-8,晴~阴,北风~东风,小于3级,-1.0,14
2015-12-27,3,-7,阴~多云,北风~东风,小于3级,-2.0,10
2015-12-28,5,-7,多云~晴,北风~东风,小于3级,-1.0,12
2015-12-29,6,-7,晴~多云,北风~东风,小于3级,-0.5,13
2015-12-30,4,-7,晴,北风~东风,小于3级,-1.5,11
2015-12-31,8,-5,晴,北风~东风,小于3级,1.5,13
2015-11-01,13,0,多云~晴,北风~东风,小于3级,6.5,13
2015-11-02,16,1,晴,北风~东风,小于3级,8.5,15
2015-11-03,15,2,晴,北风~东风,小于3级,8.5,13
2015-11-04,15,4,阴,北风~东风,小于3级,9.5,11
2015-11-05,8,1,小雨~雨夹雪,北风~东风,小于3级,4.5,7
2015-11-06,1,-3,雨夹雪~小雪,北风~东风,小于3级,-1.0,4
2015-11-07,2,0,小雨,北风~东风,小于3级,1.0,2
2015-11-08,11,-2,多云~晴,北风~东风,小于3级,4.5,13
2015-11-09,13,-1,晴,北风~东风,小于3级,6.0,14
2015-11-10,12,-1,晴,北风~东风,小于3级,5.5,13
2015-11-11,8,2,阴~多云,北风~东风,小于3级,5.0,6
2015-11-12,6,1,阴~雨夹雪,北风~东风,小于3级,3.5,5
2015-11-13,9,0,阴~多云,北风~东风,小于3级,4.5,9
2015-11-14,6,1,阴~多云,北风~东风,小于3级,3.5,5
2015-11-15,13,3,多云~阴,北风~东风,小于3级,8.0,10
2015-11-16,10,1,小雨,北风~东风,小于3级,5.5,9
2015-11-17,5,-1,小雨~中雪,北风~东风,小于3级,2.0,6
2015-11-18,5,-1,小雨~中雪,北风~东风,小于3级,2.0,6
2015-11-19,5,0,阴~多云,北风~东风,小于3级,2.5,5
2015-11-20,8,2,多云~阴,北风~东风,小于3级,5.0,6
2015-11-21,3,0,小雪~中雪,北风~东风,小于3级,1.5,3
2015-11-22,-2,-6,雨夹雪~小雪,北风~东风,小于3级,-4.0,4
2015-11-23,-1,-6,小雪,北风~东风,小于3级,-3.5,5
2015-11-24,-2,-7,小雪,北风~东风,小于3级,-4.5,5
2015-11-25,-4,-8,小雪~多云,北风~东风,小于3级,-6.0,4
2015-11-26,-5,-14,阵雪~多云,北风~东风,小于3级,-9.5,9
2015-11-27,1,-10,晴,北风~东风,小于3级,-4.5,11
2015-11-28,8,-4,晴,北风~东风,小于3级,2.0,12
2015-11-29,8,-4,晴,北风~东风,小于3级,2.0,12
2015-11-30,10,-4,晴~多云,北风~东风,小于3级,3.0,14
2015-10-01,15,10,小雨,北风~东风,小于3级,12.5,5
2015-10-02,18,5,晴,北风~东风,小于3级,11.5,13
2015-10-03,22,7,晴,北风~东风,小于3级,14.5,15
2015-10-04,22,7,晴,北风~东风,小于3级,14.5,15
2015-10-05,24,8,多云,北风~东风,小于3级,16.0,16
2015-10-06,23,7,多云~晴,北风~东风,小于3级,15.0,16
2015-10-07,25,8,多云,北风~东风,小于3级,16.5,17
2015-10-08,17,4,晴,北风~东风,小于3级,10.5,13
2015-10-09,19,4,晴,北风~东风,小于3级,11.5,15
2015-10-10,12,2,晴,北风~东风,小于3级,7.0,10
2015-10-11,17,2,晴,北风~东风,小于3级,9.5,15
2015-10-12,18,4,晴,北风~东风,小于3级,11.0,14
2015-10-13,20,7,多云~阵雨,北风~东风,小于3级,13.5,13
2015-10-14,20,7,多云~阵雨,北风~东风,小于3级,13.5,13
2015-10-15,19,6,阵雨~多云,北风~东风,小于3级,12.5,13
2015-10-16,23,7,晴,北风~东风,小于3级,15.0,16
2015-10-17,25,10,多云,北风~东风,小于3级,17.5,15
2015-10-18,24,10,晴~多云,北风~东风,小于3级,17.0,14
2015-10-19,13,6,阴~多云,北风~东风,小于3级,9.5,7
2015-10-20,22,7,多云,北风~东风,小于3级,14.5,15
2015-10-21,19,7,多云,北风~东风,小于3级,13.0,12
2015-10-22,9,6,小雨,北风~东风,小于3级,7.5,3
2015-10-23,7,5,小雨,北风~东风,小于3级,6.0,2
2015-10-24,16,7,阴~多云,北风~东风,小于3级,11.5,9
2015-10-25,11,3,小雨,北风~东风,小于3级,7.0,8
2015-10-26,12,2,晴,北风~东风,小于3级,7.0,10
2015-10-27,13,1,晴,北风~东风,小于3级,7.0,12
2015-10-28,13,1,晴,北风~东风,小于3级,7.0,12
2015-10-29,10,-1,晴,北风~东风,小于3级,4.5,11
2015-10-30,12,0,晴~多云,北风~东风,小于3级,6.0,12
2015-10-31,12,-2,多云,北风~东风,小于3级,5.0,14
2015-09-01,20,12,雷阵雨~多云,北风~东风,小于3级,16.0,8
2015-09-02,21,13,雷阵雨~多云,北风~东风,小于3级,17.0,8
2015-09-03,26,12,多云,北风~东风,小于3级,19.0,14
2015-09-04,18,14,中雨~阵雨,北风~东风,小于3级,16.0,4
2015-09-05,18,14,小到中雨~阵雨,北风~东风,小于3级,16.0,4
2015-09-06,18,13,多云,北风~东风,小于3级,15.5,5
2015-09-07,24,13,多云,北风~东风,小于3级,18.5,11
2015-09-08,23,14,阵雨~小雨,北风~东风,小于3级,18.5,9
2015-09-09,19,13,小雨~中雨,北风~东风,小于3级,16.0,6
2015-09-10,16,12,中雨~小雨,北风~东风,小于3级,14.0,4
2015-09-11,20,9,多云,北风~东风,小于3级,14.5,11
2015-09-12,20,9,多云~晴,北风~东风,小于3级,14.5,11
2015-09-13,20,8,晴,北风~东风,小于3级,14.0,12
2015-09-14,22,9,多云,北风~东风,小于3级,15.5,13
2015-09-15,21,9,多云~晴,北风~东风,小于3级,15.0,12
2015-09-16,21,9,多云~晴,北风~东风,小于3级,15.0,12
2015-09-17,24,11,多云~小雨,北风~东风,小于3级,17.5,13
2015-09-18,23,10,多云,北风~东风,小于3级,16.5,13
2015-09-19,22,10,多云,北风~东风,小于3级,16.0,12
2015-09-20,25,12,晴,北风~东风,小于3级,18.5,13
2015-09-21,25,13,多云,北风~东风,小于3级,19.0,12
2015-09-22,25,14,多云~阴,北风~东风,小于3级,19.5,11
2015-09-23,21,10,小雨~多云,北风~东风,小于3级,15.5,11
2015-09-24,24,10,晴,北风~东风,小于3级,17.0,14
2015-09-25,24,9,多云,北风~东风,小于3级,16.5,15
2015-09-26,24,12,多云,北风~东风,小于3级,18.0,12
2015-09-27,24,11,多云,北风~东风,小于3级,17.5,13
2015-09-28,18,11,小雨,北风~东风,小于3级,14.5,7
2015-09-29,16,11,小雨,北风~东风,小于3级,13.5,5
2015-09-30,16,10,小雨,北风~东风,小于3级,13.0,6
2015-08-01,27,20,阴~阵雨,北风~东风,小于3级,23.5,7
2015-08-02,26,21,小雨~中雨,北风~东风,小于3级,23.5,5
2015-08-03,27,17,中雨~小雨,北风~东风,小于3级,22.0,10
2015-08-04,29,17,多云,北风~东风,小于3级,23.0,12
2015-08-05,30,16,多云,北风~东风,小于3级,23.0,14
2015-08-06,29,17,多云,北风~东风,小于3级,23.0,12
2015-08-07,29,17,雷阵雨~多云,北风~东风,小于3级,23.0,12
2015-08-08,28,18,阴~多云,北风~东风,小于3级,23.0,10
2015-08-09,29,19,晴,北风~东风,小于3级,24.0,10
2015-08-10,30,17,晴,北风~东风,小于3级,23.5,13
2015-08-11,30,17,多云~晴,北风~东风,小于3级,23.5,13
2015-08-12,29,17,多云~晴,北风~东风,小于3级,23.0,12
2015-08-13,31,19,多云~阵雨,北风~东风,小于3级,25.0,12
2015-08-14,28,17,多云~晴,北风~东风,小于3级,22.5,11
2015-08-15,31,19,晴,北风~东风,小于3级,25.0,12
2015-08-16,31,17,晴,北风~东风,小于3级,24.0,14
2015-08-17,30,15,多云~阴,北风~东风,小于3级,22.5,15
2015-08-18,27,16,雷阵雨,北风~东风,小于3级,21.5,11
2015-08-19,27,16,多云~晴,北风~东风,小于3级,21.5,11
2015-08-20,28,17,多云~晴,北风~东风,小于3级,22.5,11
2015-08-21,29,16,多云~晴,北风~东风,小于3级,22.5,13
2015-08-22,28,14,多云,北风~东风,小于3级,21.0,14
2015-08-23,25,15,雷阵雨~阵雨,北风~东风,小于3级,20.0,10
2015-08-24,23,14,雷阵雨~多云,北风~东风,小于3级,18.5,9
2015-08-25,26,13,阵雨~晴,北风~东风,小于3级,19.5,13
2015-08-26,24,13,阵雨~晴,北风~东风,小于3级,18.5,11
2015-08-27,24,13,阵雨~多云,北风~东风,小于3级,18.5,11
2015-08-28,28,13,雷阵雨~多云,北风~东风,小于3级,20.5,15
2015-08-29,26,13,雷阵雨~多云,北风~东风,小于3级,19.5,13
2015-08-30,25,14,中雨~阵雨,北风~东风,小于3级,19.5,11
2015-08-31,23,14,雷阵雨~阴,北风~东风,小于3级,18.5,9
2015-07-01,29,16,多云,北风~东风,小于3级,22.5,13
2015-07-02,28,16,多云,北风~东风,小于3级,22.0,12
2015-07-03,28,16,多云~晴,北风~东风,小于3级,22.0,12
2015-07-04,28,15,晴,北风~东风,小于3级,21.5,13
2015-07-05,28,16,多云~晴,北风~东风,小于3级,22.0,12
2015-07-06,27,15,多云~晴,北风~东风,小于3级,21.0,12
2015-07-07,27,17,阵雨,北风~东风,小于3级,22.0,10
2015-07-08,29,17,多云,北风~东风,小于3级,23.0,12
2015-07-09,30,17,多云,北风~东风,小于3级,23.5,13
2015-07-10,27,16,多云,北风~东风,小于3级,21.5,11
2015-07-11,31,17,多云,北风~东风,小于3级,24.0,14
2015-07-12,33,20,晴,北风~东风,小于3级,26.5,13
2015-07-13,35,21,晴,北风~东风,小于3级,28.0,14
2015-07-14,31,18,雷雨,北风~东风,小于3级,24.5,13
2015-07-15,23,18,大雨~小雨,北风~东风,小于3级,20.5,5
2015-07-16,23,15,阵雨,北风~东风,小于3级,19.0,8
2015-07-17,24,15,阵雨,北风~东风,小于3级,19.5,9
2015-07-18,25,16,阵雨,北风~东风,小于3级,20.5,9
2015-07-19,26,16,小雨~阵雨,北风~东风,小于3级,21.0,10
2015-07-20,26,17,多云,北风~东风,小于3级,21.5,9
2015-07-21,28,18,雷阵雨~多云,北风~东风,小于3级,23.0,10
2015-07-22,26,17,中雨,北风~东风,小于3级,21.5,9
2015-07-23,28,17,小雨~晴,北风~东风,小于3级,22.5,11
2015-07-24,31,16,多云~晴,北风~东风,小于3级,23.5,15
2015-07-25,31,18,多云~晴,北风~东风,小于3级,24.5,13
2015-07-26,33,19,多云~晴,北风~东风,小于3级,26.0,14
2015-07-27,33,20,多云~晴,北风~东风,小于3级,26.5,13
2015-07-28,33,20,多云~晴,北风~东风,小于3级,26.5,13
2015-07-29,29,19,中雨~小雨,北风~东风,小于3级,24.0,10
2015-07-30,30,21,多云,北风~东风,小于3级,25.5,9
2015-07-31,26,18,阵雨,北风~东风,小于3级,22.0,8
2015-06-01,29,16,多云,北风~东风,小于3级,22.5,13
2015-06-02,28,15,晴~多云,北风~东风,小于3级,21.5,13
2015-06-03,25,14,阴~小雨,北风~东风,小于3级,19.5,11
2015-06-04,24,13,小雨~多云,北风~东风,小于3级,18.5,11
2015-06-05,24,13,小雨~多云,北风~东风,小于3级,18.5,11
2015-06-06,31,14,多云,北风~东风,小于3级,22.5,17
2015-06-07,26,13,雷雨~多云,北风~东风,小于3级,19.5,13
2015-06-08,29,17,晴,北风~东风,小于3级,23.0,12
2015-06-09,32,16,多云,北风~东风,小于3级,24.0,16
2015-06-10,30,14,雷雨~多云,北风~东风,小于3级,22.0,16
2015-06-11,29,15,晴~多云,北风~东风,小于3级,22.0,14
2015-06-12,28,14,多云~晴,北风~东风,小于3级,21.0,14
2015-06-13,26,14,多云,北风~东风,小于3级,20.0,12
2015-06-14,28,16,晴,北风~东风,小于3级,22.0,12
2015-06-15,29,17,多云,北风~东风,小于3级,23.0,12
2015-06-16,29,17,晴,北风~东风,小于3级,23.0,12
2015-06-17,29,16,雷雨~阵雨,北风~东风,小于3级,22.5,13
2015-06-18,29,14,雷雨~阴,北风~东风,小于3级,21.5,15
2015-06-19,26,13,多云,北风~东风,小于3级,19.5,13
2015-06-20,26,15,多云~阴,北风~东风,小于3级,20.5,11
2015-06-21,25,15,小雨,北风~东风,小于3级,20.0,10
2015-06-22,25,15,多云,北风~东风,小于3级,20.0,10
2015-06-23,25,15,雷雨~小雨,北风~东风,小于3级,20.0,10
2015-06-24,23,13,阴~阵雨,北风~东风,小于3级,18.0,10
2015-06-25,25,15,阵雨,北风~东风,小于3级,20.0,10
2015-06-26,30,18,晴,北风~东风,小于3级,24.0,12
2015-06-27,29,18,阴,北风~东风,小于3级,23.5,11
2015-06-28,26,15,小雨,北风~东风,小于3级,20.5,11
2015-06-29,24,16,小雨,北风~东风,小于3级,20.0,8
2015-06-30,24,15,阵雨~多云,北风~东风,小于3级,19.5,9
2015-05-01,21,10,多云转小雨,南风~东北风,3-4级~小于3级,15.5,11
2015-05-02,27,9,多云转晴,西北风~西风,3-4级~小于3级,18.0,18
2015-05-03,23,10,多云,北风~东北风,小于3级~3-4级,16.5,13
2015-05-04,24,7,多云转晴,西北风~西风,3-4级~小于3级,15.5,17
2015-05-05,25,8,晴,西风,小于3级,16.5,17
2015-05-06,21,9,多云转雷阵雨,北风,3-4级,15.0,12
2015-05-07,24,8,阵雨转晴,北风~东风,3-4级~小于3级,16.0,16
2015-05-08,22,7,晴,北风~东风,小于3级,14.5,15
2015-05-09,22,7,晴,北风~东风,小于3级,14.5,15
2015-05-10,22,7,晴,北风~东风,小于3级,14.5,15
2015-05-11,22,7,晴,北风~东风,小于3级,14.5,15
2015-05-12,27,10,晴,北风~东风,小于3级,18.5,17
2015-05-13,27,10,晴,北风~东风,小于3级,18.5,17
2015-05-14,24,10,多云,北风~东风,小于3级,17.0,14
2015-05-15,24,11,多云,北风~东风,小于3级,17.5,13
2015-05-16,21,10,晴,北风~东风,小于3级,15.5,11
2015-05-17,26,13,晴,北风~东风,小于3级,19.5,13
2015-05-18,29,14,晴,北风~东风,小于3级,21.5,15
2015-05-19,29,12,晴,北风~东风,小于3级,20.5,17
2015-05-20,21,9,晴,北风~东风,小于3级,15.0,12
2015-05-21,20,12,小雨~多云,北风~东风,小于3级,16.0,8
2015-05-22,28,11,多云,北风~东风,小于3级,19.5,17
2015-05-23,30,14,晴~阴,北风~东风,小于3级,22.0,16
2015-05-24,30,13,多云~,北风~东风,小于3级,21.5,17
2015-05-25,30,13,多云,北风~东风,小于3级,21.5,17
2015-05-26,30,16,多云,北风~东风,小于3级,23.0,14
2015-05-27,30,15,多云,北风~东风,小于3级,22.5,15
2015-05-28,28,15,阴~,北风~东风,小于3级,21.5,13
2015-05-29,23,13,阵雨~多云,北风~东风,小于3级,18.0,10
2015-05-30,28,16,晴~多云,北风~东风,小于3级,22.0,12
2015-05-31,31,17,多云,北风~东风,小于3级,24.0,14
2015-04-01,5,3,小雨,东风,小于3级,4.0,2
2015-04-02,14,-2,小到中雨转阴,东风~北风,3-4级,6.0,16
2015-04-03,13,1,晴转阴,北风,小于3级,7.0,12
2015-04-04,10,1,多云转阴,南风,小于3级,5.5,9
2015-04-05,15,2,小雨转阴,东风,小于3级,8.5,13
2015-04-06,9,2,多云转阴,西北风,3-4级~小于3级,5.5,7
2015-04-07,11,-1,晴,南风,小于3级,5.0,12
2015-04-08,12,-2,多云转晴,南风~西风,小于3级,5.0,14
2015-04-09,14,0,阵雨,东北风~西北风,3-4级,7.0,14
2015-04-10,19,2,多云转晴,南风,小于3级,10.5,17
2015-04-11,20,3,晴转多云,西南风~西风,小于3级~3-4级,11.5,17
2015-04-12,10,4,阵雨转多云,西北风,3-4级~4-5级,7.0,6
2015-04-13,13,-2,多云,北风,4-5级~3-4级,5.5,15
2015-04-14,22,1,多云,西风,3-4级,11.5,21
2015-04-15,28,8,多云,西风,小于3级~4-5级,18.0,20
2015-04-16,22,5,多云转晴,西北风,5-6级~4-5级,13.5,17
2015-04-17,22,4,多云,西南风~南风,小于3级,13.0,18
2015-04-18,15,7,多云转中雨,东风,小于3级,11.0,8
2015-04-19,14,7,小雨转阴,东风~南风,小于3级,10.5,7
2015-04-20,19,4,多云,东风~西南风,小于3级,11.5,15
2015-04-21,24,6,多云转晴,西北风,小于3级,15.0,18
2015-04-22,26,6,晴,南风~西南风,小于3级,16.0,20
2015-04-23,27,7,晴转多云,南风~西南风,小于3级,17.0,20
2015-04-24,24,11,晴转多云,西北风~东风,小于3级,17.5,13
2015-04-25,24,8,晴,南风,小于3级,16.0,16
2015-04-26,26,11,阴转小雨,南风,小于3级,18.5,15
2015-04-27,27,10,小雨转多云,西南风~西风,小于3级,18.5,17
2015-04-28,24,12,多云转晴,西风,3-4级~小于3级,18.0,12
2015-04-29,26,11,多云转晴,东风,小于3级,18.5,15
2015-04-30,26,12,多云转晴,南风,小于3级,19.0,14
2015-03-01,8,-7,晴,西北风,小于3级,0.5,15
2015-03-02,10,-4,晴转多云,西风~西北风,3-4级~5-6级,3.0,14
2015-03-03,2,-5,多云转晴,西北风,5-6级~4-5级,-1.5,7
2015-03-04,3,-10,晴转多云,西北风,3-4级~小于3级,-3.5,13
2015-03-05,6,-10,晴转多云,西南风,小于3级,-2.0,16
2015-03-06,11,-6,晴,西风,3-4级,2.5,17
2015-03-07,15,-4,晴转多云,西南风,3-4级,5.5,19
2015-03-08,10,0,晴,南风~东风,3-4级~4-5级,5.0,10
2015-03-09,5,-4,多云,东风,3-4级~4-5级,0.5,9
2015-03-10,7,-9,晴,东风~西风,小于3级,-1.0,16
2015-03-11,10,-5,晴,西北风~南风,小于3级,2.5,15
2015-03-12,14,-4,晴,西风~东风,3-4级,5.0,18
2015-03-13,14,-2,晴,西南风,3-4级~小于3级,6.0,16
2015-03-14,13,-4,晴,西风,小于3级~4-5级,4.5,17
2015-03-15,16,-1,多云,西风,3-4级,7.5,17
2015-03-16,22,2,晴转多云,西风,3-4级,12.0,20
2015-03-17,14,5,多云转阴,西风~南风,小于3级,9.5,9
2015-03-18,10,1,多云,西风~南风,小于3级,5.5,9
2015-03-19,17,5,多云,西风,小于3级,11.0,12
2015-03-20,17,4,多云转晴,西风,小于3级,10.5,13
2015-03-21,17,3,晴,西风,3-4级~小于3级,10.0,14
2015-03-22,10,2,晴转多云,南风~东南风,3-4级~小于3级,6.0,8
2015-03-23,11,-2,多云转晴,东南风,小于3级,4.5,13
2015-03-24,15,-2,晴转多云,东南风,小于3级,6.5,17
2015-03-25,13,1,阴,东南风,小于3级,7.0,12
2015-03-26,14,-1,多云,西南风,小于3级,6.5,15
2015-03-27,17,2,晴,南风,小于3级,9.5,15
2015-03-28,21,4,多云转晴,西北风,小于3级,12.5,17
2015-03-29,22,6,晴转多云,东风~西南风,小于3级,14.0,16
2015-03-30,22,6,晴转多云,西南风,小于3级,14.0,16
2015-03-31,15,5,阴转小雨,东风,小于3级,10.0,10
2015-02-01,1,-12,多云,东风~南风,小于3级,-5.5,13
2015-02-02,2,-11,多云,东南风,小于3级,-4.5,13
2015-02-03,2,-10,阴转多云,西南风~东北风,3-4级~4-5级,-4.0,12
2015-02-04,3,-9,晴,西北风,3-4级,-3.0,12
2015-02-05,5,-8,晴,西北风,3-4级,-1.5,13
2015-02-06,6,-8,晴转多云,东北风,3-4级,-1.0,14
2015-02-07,1,-7,晴转多云,西北风,4-5级,-3.0,8
2015-02-08,1,-10,晴,西北风,小于3级,-4.5,11
2015-02-09,7,-10,晴,西风,小于3级,-1.5,17
2015-02-10,7,-10,晴,西风,小于3级,-1.5,17
2015-02-11,7,-5,晴,北风,小于3级~3-4级,1.0,12
2015-02-12,6,-7,多云转晴,北风,3-4级,-0.5,13
2015-02-13,10,-3,晴,北风,3-4级~小于3级,3.5,13
2015-02-14,14,-4,晴,北风,小于3级,5.0,18
2015-02-15,12,-3,晴转多云,西北风~北风,小于3级~4-5级,4.5,15
2015-02-16,10,-4,多云,西北风,小于3级,3.0,14
2015-02-17,9,-4,晴,西北风~东北风,3-4级~小于3级,2.5,13
2015-02-18,6,-7,晴转多云,西南风~南风,小于3级,-0.5,13
2015-02-19,4,-8,晴转多云,西风,小于3级,-2.0,12
2015-02-20,1,-6,小雪,东南风,小于3级,-2.5,7
2015-02-21,6,-5,多云转晴,南风~西北风,小于3级~5-6级,0.5,11
2015-02-22,6,-10,晴,西北风,5-6级~3-4级,-2.0,16
2015-02-23,7,-11,晴转多云,西北风~南风,3-4级,-2.0,18
2015-02-24,10,-7,晴,西北风,小于3级,1.5,17
2015-02-25,5,-3,晴,西北风,4-5级,1.0,8
2015-02-26,5,-8,晴转多云,西北风~东南风,4-5级,-1.5,13
2015-02-27,0,-7,多云转小雪,东南风,小于3级,-3.5,7
2015-02-28,4,-7,小雪转多云,东南风~西北风,小于3级,-1.5,11
2015-01-01,3,-12,晴,西北风,4-5级,-4.5,15
2015-01-02,4,-10,晴,西风,小于3级,-3.0,14
2015-01-03,9,-8,多云转晴,南风~北风,小于3级,0.5,17
2015-01-04,8,-8,晴转多云,西风,小于3级,0.0,16
2015-01-05,4,-5,多云,西风,小于3级,-0.5,9
2015-01-06,0,-9,晴转多云,西风,3-4级,-4.5,9
2015-01-07,3,-9,晴,西风,小于3级,-3.0,12
2015-01-08,5,-8,晴,西北风,小于3级~3-4级,-1.5,13
2015-01-09,6,-8,晴,西北风,3-4级~小于3级,-1.0,14
2015-01-10,9,-8,晴,西北风,小于3级,0.5,17
2015-01-11,5,-6,晴,西北风,小于3级,-0.5,11
2015-01-12,3,-7,晴转多云,南风,小于3级,-2.0,10
2015-01-13,1,-10,多云转阴,南风,小于3级,-4.5,11
2015-01-14,5,-9,多云转晴,南风,小于3级,-2.0,14
2015-01-15,3,-8,多云,西风,小于3级,-2.5,11
2015-01-16,2,-8,多云,西北风,小于3级,-3.0,10
2015-01-17,2,-11,晴转多云,西北风,小于3级~4-5级,-4.5,13
2015-01-18,3,-10,多云转晴,西北风,4-5级,-3.5,13
2015-01-19,8,-9,晴转多云,西北风~南风,5-6级~小于3级,-0.5,17
2015-01-20,4,-7,晴转多云,西风,小于3级~3-4级,-1.5,11
2015-01-21,3,-9,多云转晴,西风,3-4级,-3.0,12
2015-01-22,4,-10,晴,西北风,小于3级,-3.0,14
2015-01-23,9,-9,晴,南风,小于3级,0.0,18
2015-01-24,0,-6,多云转小雪,南风,小于3级,-3.0,6
2015-01-25,3,-8,多云,西北风,小于3级,-2.5,11
2015-01-26,4,-8,多云,西北风,小于3级,-2.0,12
2015-01-27,-1,-9,多云,东风,3-4级~小于3级,-5.0,8
2015-01-28,-3,-10,多云转阵雪,南风,3-4级,-6.5,7
2015-01-29,0,-9,小雪转多云,南风,小于3级,-4.5,9
2015-01-30,0,-11,晴,北风,小于3级,-5.5,11
2015-01-31,3,-11,晴转多云,东风~南风,小于3级,-4.0,14
2014-12-01,0,-11,晴,西北风,4-5级,-5.5,11
2014-12-02,2,-13,晴,西北风,4-5级,-5.5,15
2014-12-03,0,-11,晴,西北风,4-5级,-5.5,11
2014-12-04,1,-13,晴,西北风,3-4级,-6.0,14
2014-12-05,4,-10,晴,西北风,3-4级,-3.0,14
2014-12-06,4,-9,晴转多云,西北风,3-4级,-2.5,13
2014-12-07,2,-9,多云转晴,西北风,3-4级,-3.5,11
2014-12-08,4,-10,晴,西北风,3-4级,-3.0,14
2014-12-09,2,-10,多云转雨夹雪,西北风,3-4级,-4.0,12
2014-12-10,0,-6,小雪转多云,南风~西北风,3-4级~4-5级,-3.0,6
2014-12-11,1,-11,晴,西北风,4-5级~3-4级,-5.0,12
2014-12-12,0,-9,晴,西北风,3-4级,-4.5,9
2014-12-13,2,-10,晴,西北风,4-5级~3-4级,-4.0,12
2014-12-14,4,-9,晴转多云,西北风,3-4级,-2.5,13
2014-12-15,-2,-6,晴,西北风,3-4级,-4.0,4
2014-12-16,-2,-12,晴,西北风,5-6级,-7.0,10
2014-12-17,3,-11,晴,西北风,3-4级,-4.0,14
2014-12-18,5,-9,晴转多云,西北风,3-4级,-2.0,14
2014-12-19,2,-8,晴,西北风,3-4级,-3.0,10
2014-12-20,-1,-11,晴转多云,西北风,4-5级,-6.0,10
2014-12-21,1,-13,晴,西北风,3-4级,-6.0,14
2014-12-22,5,-10,晴,西北风,3-4级,-2.5,15
2014-12-23,5,-8,晴,西北风,3-4级,-1.5,13
2014-12-24,4,-8,晴,西北风,3-4级,-2.0,12
2014-12-25,4,-11,晴转多云,南风,小于3级,-3.5,15
2014-12-26,2,-8,多云,西风,小于3级,-3.0,10
2014-12-27,4,-9,晴,西风,小于3级,-2.5,13
2014-12-28,5,-7,晴,西风,小于3级,-1.0,12
2014-12-29,8,-6,晴,南风,小于3级,1.0,14
2014-12-30,7,-4,晴,西北风,3-4级~5-6级,1.5,11
2014-12-31,1,-6,晴,西北风,5-6级,-2.5,7
2014-11-01,11,4,多云,西北风,3-4级~4-5级,7.5,7
2014-11-02,12,-2,晴,西北风,4-5级,5.0,14
2014-11-03,14,-2,晴,西风,3-4级~小于3级,6.0,16
2014-11-04,15,-1,晴,微风,小于3级,7.0,16
2014-11-05,15,1,多云转晴,微风~西北风,小于3级~3-4级,8.0,14
2014-11-06,11,0,晴转多云,西北风,小于3级,5.5,11
2014-11-07,6,-2,多云转小雨,南风,小于3级,2.0,8
2014-11-08,8,-2,雨夹雪转多云,南风,小于3级,3.0,10
2014-11-09,8,-2,雨夹雪转多云,南风,小于3级,3.0,10
2014-11-10,8,-2,雨夹雪转多云,南风,小于3级,3.0,10
2014-11-11,10,1,多云转晴,北风,小于3级~5-6级,5.5,9
2014-11-12,9,-2,多云转晴,西北风,4-5级~3-4级,3.5,11
2014-11-13,9,-5,晴,西北风,4-5级~3-4级,2.0,14
2014-11-14,10,-4,晴转多云,西北风~南风,小于3级,3.0,14
2014-11-15,5,-2,阴转雨夹雪,西北风,小于3级~3-4级,1.5,7
2014-11-16,7,-4,晴,西北风,小于3级~3-4级,1.5,11
2014-11-17,8,-5,晴,西北风,3-4级,1.5,13
2014-11-18,11,-5,晴转多云,南风,3-4级,3.0,16
2014-11-19,13,-4,多云,南风,小于3级,4.5,17
2014-11-20,9,-1,多云,西北风,小于3级,4.0,10
2014-11-21,13,-3,多云,东风,小于3级,5.0,16
2014-11-22,10,-2,多云转阴,南风,小于3级,4.0,12
2014-11-23,9,-4,小雪转阴,南风,小于3级,2.5,13
2014-11-24,8,-2,多云,南风,小于3级,3.0,10
2014-11-25,7,-2,阴转多云,南风,小于3级,2.5,9
2014-11-26,12,-3,多云转阴,东风,小于3级,4.5,15
2014-11-27,3,-2,多云转雨夹雪,南风,小于3级,0.5,5
2014-11-28,8,-5,雾转多云,东风~南风,小于3级,1.5,13
2014-11-29,5,-5,多云转阴,微风,小于3级,0.0,10
2014-11-30,3,-3,阴转晴,南风~西北风,小于3级~4-5级,0.0,6
2014-10-01,14,8,阵雨转小雨,南风,小于3级,11.0,6
2014-10-02,22,7,多云,微风,小于3级,14.5,15
2014-10-03,20,8,多云转小雨,微风,小于3级,14.0,12
2014-10-04,19,10,小雨转阵雨,南风,小于3级,14.5,9
2014-10-05,19,6,晴,北风,小于3级,12.5,13
2014-10-06,18,5,晴,北风,小于3级,11.5,13
2014-10-07,18,4,晴,微风,小于3级,11.0,14
2014-10-08,23,7,多云,微风,小于3级,15.0,16
2014-10-09,21,9,多云,微风,小于3级,15.0,12
2014-10-10,21,9,多云,南风,小于3级,15.0,12
2014-10-11,19,9,霾转多云,微风,小于3级,14.0,10
2014-10-12,14,7,小雨,微风~西北风,小于3级~3-4级,10.5,7
2014-10-13,14,2,多云转晴,西北风,小于3级~3-4级,8.0,12
2014-10-14,18,1,晴,西北风,3-4级,9.5,17
2014-10-15,18,5,晴,西北风,3-4级,11.5,13
2014-10-16,20,2,晴,西北风,小于3级~3-4级,11.0,18
2014-10-17,22,3,晴,西北风,小于3级,12.5,19
2014-10-18,20,5,晴转霾,西北风,小于3级,12.5,15
2014-10-19,19,7,阴转多云,南风,小于3级,13.0,12
2014-10-20,19,6,多云转阴,西风,小于3级,12.5,13
2014-10-21,17,6,阴转多云,南风,小于3级,11.5,11
2014-10-22,19,4,多云,东风,小于3级,11.5,15
2014-10-23,23,6,多云转晴,西风,小于3级,14.5,17
2014-10-24,24,8,晴,西风,小于3级,16.0,16
2014-10-25,25,8,晴,西风,小于3级,16.5,17
2014-10-26,16,7,晴,北风,小于3级,11.5,9
2014-10-27,13,1,晴,北风,小于3级,7.0,12
2014-10-28,12,0,晴转多云,西北风,3-4级,6.0,12
2014-10-29,13,3,多云转阴,南风,小于3级,8.0,10
2014-10-30,14,4,阴转多云,南风,小于3级,9.0,10
2014-10-31,14,5,阴转小雨,西北风,小于3级,9.5,9
2014-09-01,22,15,阴转阵雨,东风,小于3级,18.5,7
2014-09-02,23,15,中雨,微风,小于3级,19.0,8
2014-09-03,25,11,多云转晴,北风,小于3级,18.0,14
2014-09-04,28,11,晴,北风,小于3级,19.5,17
2014-09-05,26,12,晴转多云,南风,小于3级,19.0,14
2014-09-06,25,13,晴转多云,南风,小于3级,19.0,12
2014-09-07,26,14,小雨转多云,微风,小于3级,20.0,12
2014-09-08,26,15,多云转晴,东风,小于3级,20.5,11
2014-09-09,25,13,多云,东风,小于3级,19.0,12
2014-09-10,23,14,多云转阴,东风,小于3级,18.5,9
2014-09-11,17,14,小雨转中雨,东风,小于3级,15.5,3
2014-09-12,16,13,小雨,南风,小于3级,14.5,3
2014-09-13,21,11,阴转多云,南风~北风,小于3级,16.0,10
2014-09-14,17,12,阵雨转小雨,南风,小于3级,14.5,5
2014-09-15,17,11,小雨,南风,小于3级,14.0,6
2014-09-16,15,11,多云转中雨,微风,小于3级,13.0,4
2014-09-17,17,10,小雨转阴,微风,小于3级,13.5,7
2014-09-18,21,8,多云转晴,南风~西风,小于3级,14.5,13
2014-09-19,24,8,晴,西风,小于3级,16.0,16
2014-09-20,26,11,晴,南风,小于3级,18.5,15
2014-09-21,25,11,晴,微风,小于3级,18.0,14
2014-09-22,22,11,晴转多云,西北风,小于3级,16.5,11
2014-09-23,19,14,小雨,东风,小于3级,16.5,5
2014-09-24,21,10,多云,微风,小于3级,15.5,11
2014-09-25,21,10,多云转阴,南风,小于3级,15.5,11
2014-09-26,23,13,多云,南风,小于3级,18.0,10
2014-09-27,21,11,多云,南风,小于3级,16.0,10
2014-09-28,19,11,小雨,南风~北风,小于3级,15.0,8
2014-09-29,19,10,多云,西风,小于3级,14.5,9
2014-09-30,16,10,阵雨转多云,南风,小于3级,13.0,6
2014-08-01,30,18,晴,东风,小于3级,24.0,12
2014-08-02,32,20,多云,东风,小于3级,26.0,12
2014-08-03,30,19,多云,东风,小于3级,24.5,11
2014-08-04,30,20,多云转中雨,东风,小于3级,25.0,10
2014-08-05,22,19,中雨转阵雨,东风,小于3级,20.5,3
2014-08-06,20,17,阵雨,东风,小于3级,18.5,3
2014-08-07,25,15,多云,东风,小于3级,20.0,10
2014-08-08,24,15,多云,东风,小于3级,19.5,9
2014-08-09,26,15,多云转晴,东风,小于3级,20.5,11
2014-08-10,30,16,多云转晴,微风,小于3级,23.0,14
2014-08-11,29,16,多云,微风,小于3级,22.5,13
2014-08-12,25,16,多云转阵雨,北风,小于3级,20.5,9
2014-08-13,23,15,阵雨转大雨,东风,小于3级,19.0,8
2014-08-14,27,14,多云,东风,小于3级,20.5,13
2014-08-15,29,13,晴转多云,北风,小于3级,21.0,16
2014-08-16,28,14,晴转多云,北风,小于3级,21.0,14
2014-08-17,24,16,雷阵雨,东风,小于3级,20.0,8
2014-08-18,26,15,阴转多云,东风,小于3级,20.5,11
2014-08-19,28,14,晴,东风,小于3级,21.0,14
2014-08-20,29,15,晴转多云,东风,小于3级,22.0,14
2014-08-21,30,17,晴转多云,东风,小于3级,23.5,13
2014-08-22,28,16,多云转阴,微风,小于3级,22.0,12
2014-08-23,27,15,多云转雷阵雨,微风,小于3级,21.0,12
2014-08-24,28,16,雷阵雨转多云,微风,小于3级,22.0,12
2014-08-25,28,15,晴转多云,北风,小于3级,21.5,13
2014-08-26,27,13,晴,北风,小于3级,20.0,14
2014-08-27,26,14,多云转阵雨,南风,小于3级,20.0,12
2014-08-28,25,14,多云转雷阵雨,微风,小于3级,19.5,11
2014-08-29,25,15,多云,微风,小于3级,20.0,10
2014-08-30,24,15,多云转阵雨,东风,小于3级,19.5,9
2014-08-31,26,15,多云,东风,小于3级,20.5,11
2014-07-01,31,17,阴转多云,东风,东风小于3级,24.0,14
2014-07-02,28,17,晴转多云,西南风,东风小于3级,22.5,11
2014-07-03,25,18,雷阵雨转小雨,东北风,南风小于3级,21.5,7
2014-07-04,25,18,多云转雷阵雨,西北风,南风小于3级,21.5,7
2014-07-05,29,17,多云,西风,南风小于3级,23.0,12
2014-07-06,31,19,多云,西风,南风小于3级,25.0,12
2014-07-07,29,20,多云转小雨,西北风,北风小于3级,24.5,9
2014-07-08,23,17,中雨转大雨,西南风,南风小于3级,20.0,6
2014-07-09,27,14,小雨转多云,北风,东北风小于3级,20.5,13
2014-07-10,31,16,晴转多云,东北风,北风小于3级,23.5,15
2014-07-11,31,17,多云,西北风,小于3级,24.0,14
2014-07-12,29,18,晴转雷阵雨,北风,小于3级,23.5,11
2014-07-13,29,16,多云,北风,小于3级,22.5,13
2014-07-14,31,16,晴转多云,北风,小于3级,23.5,15
2014-07-15,32,15,晴,北风,小于3级,23.5,17
2014-07-16,32,16,晴转多云,南风,小于3级,24.0,16
2014-07-17,32,18,晴转雷阵雨,南风,小于3级,25.0,14
2014-07-18,32,17,多云~阴,南风,小于3级,24.5,15
2014-07-19,29,19,晴转雷阵雨,南风,小于3级,24.0,10
2014-07-20,32,20,晴转阵雨,东风,小于3级,26.0,12
2014-07-21,29,20,多云转小雨,东风,小于3级,24.5,9
2014-07-22,25,22,中雨转大雨,东北风,小于3级,23.5,3
2014-07-23,25,17,小雨转阵雨,东北风,小于3级,21.0,8
2014-07-24,29,17,晴,北风,小于3级,23.0,12
2014-07-25,29,15,晴转多云,东北风,小于3级,22.0,14
2014-07-26,32,16,晴,东北风,小于3级,24.0,16
2014-07-27,32,17,晴,东北风,小于3级,24.5,15
2014-07-28,32,17,晴,东北风,小于3级,24.5,15
2014-07-29,29,17,晴转雷阵雨,微风,小于3级,23.0,12
2014-07-30,31,19,多云,微风,小于3级,25.0,12
2014-07-31,30,18,晴,东风,小于3级,24.0,12
2014-06-01,26,16,阴转多云,南风,3-4级,21.0,10
2014-06-02,24,15,晴,南风,小于3级,19.5,9
2014-06-03,27,13,多云转晴,东风,小于3级,20.0,14
2014-06-04,27,14,多云,东风,小于3级,20.5,13
2014-06-05,30,14,多云转晴,东风,小于3级,22.0,16
2014-06-06,27,17,多云转雷阵雨,东风,小于3级,22.0,10
2014-06-07,29,13,多云转晴,东风,小于3级,21.0,16
2014-06-08,29,13,多云转晴,东风,小于3级,21.0,16
2014-06-09,29,13,多云转晴,东风,小于3级,21.0,16
2014-06-10,29,13,晴,南风,东风小于3级,21.0,16
2014-06-11,31,14,晴,西南风,微风,22.5,17
2014-06-12,27,16,晴转多云,西北风,东北风小于3级,21.5,11
2014-06-13,29,16,阵雨,东北风,东北风小于3级,22.5,13
2014-06-14,29,16,多云,东风,东风小于3级,22.5,13
2014-06-15,29,17,多云转阵雨,西北风,南风小于3级,23.0,12
2014-06-16,30,17,多云转阵雨,北风,南风小于3级,23.5,13
2014-06-17,28,15,多云转雷阵雨,西南风,南风小于3级,21.5,13
2014-06-18,18,16,小雨转大雨,南风,南风小于3级,17.0,2
2014-06-19,25,13,阴转晴,西风,东北风小于3级,19.0,12
2014-06-20,24,13,晴转阵雨,西风,东风小于3级,18.5,11
2014-06-21,25,14,多云转雷阵雨,西风,东风小于3级,19.5,11
2014-06-22,28,14,雷阵雨转多云,西风,东风小于3级,21.0,14
2014-06-23,27,16,多云转雷阵雨,西南风,东风小于3级,21.5,11
2014-06-24,27,18,雷阵雨,西风,南风小于3级,22.5,9
2014-06-25,31,16,多云转晴,东北风,北风小于3级,23.5,15
2014-06-26,28,17,多云转阵雨,西风,东风小于3级,22.5,11
2014-06-27,29,17,多云,东风,南风小于3级,23.0,12
2014-06-28,27,16,多云转阵雨,东北风,南风小于3级,21.5,11
2014-06-29,24,16,多云,东南风,南风小于3级,20.0,8
2014-06-30,26,17,多云转中雨,西风,南风小于3级,21.5,9
2014-05-01,20,10,晴转多云,西风,小于3级~3-4级,15.0,10
2014-05-02,20,6,阴转晴,西北风,4-5级~3-4级,13.0,14
2014-05-03,19,7,晴,西北风,4-5级~5-6级,13.0,12
2014-05-04,15,3,晴,西北风,4-5级,9.0,12
2014-05-05,19,1,晴,西北风,4-5级~3-4级,10.0,18
2014-05-06,25,4,晴转多云,西风,3-4级,14.5,21
2014-05-07,25,7,晴,东北风,小于3级,16.0,18
2014-05-08,24,9,多云,西北风,小于3级,16.5,15
2014-05-09,22,10,多云转阴,西北风,小于3级,16.0,12
2014-05-10,14,10,中雨转小雨,南风,小于3级,12.0,4
2014-05-11,22,8,小雨转多云,北风,小于3级,15.0,14
2014-05-12,26,8,晴,北风,3-4级,17.0,18
2014-05-13,27,11,晴转多云,北风,小于3级,19.0,16
2014-05-14,20,11,多云转阴,西北风,4-5级,15.5,9
2014-05-15,25,8,晴,西北风,3-4级,16.5,17
2014-05-16,26,12,晴,西风~北风,3-4级,19.0,14
2014-05-17,26,11,多云,南风,小于3级,18.5,15
2014-05-18,27,11,多云,西风,小于3级,19.0,16
2014-05-19,29,13,多云转晴,北风,小于3级,21.0,16
2014-05-20,30,12,晴,北风,小于3级,21.0,18
2014-05-21,31,14,晴,南风,小于3级,22.5,17
2014-05-22,28,13,晴,南风,小于3级,20.5,15
2014-05-23,27,14,多云转阴,南风,小于3级,20.5,13
2014-05-24,27,14,雷阵雨转多云,南风,小于3级,20.5,13
2014-05-25,26,15,阴转晴,西北风,3-4级,20.5,11
2014-05-26,28,11,晴,西北风,3-4级,19.5,17
2014-05-27,30,14,晴,北风,4-5级,22.0,16
2014-05-28,33,17,晴,北风,4-5级,25.0,16
2014-05-29,34,17,晴,北风,4-5级,25.5,17
2014-05-30,34,21,晴,北风,3-4级,27.5,13
2014-05-31,30,18,多云转雷阵雨,东北风,3-4级~4-5级,24.0,12
2014-04-01,19,2,多云,南风,小于3级,10.5,17
2014-04-02,15,3,多云转阵雨,北风,小于3级,9.0,12
2014-04-03,16,4,阵雨转晴,南风,小于3级,10.0,12
2014-04-04,19,1,晴,西北风,小于3级,10.0,18
2014-04-05,16,3,晴,西北风,小于3级,9.5,13
2014-04-06,18,-1,晴转多云,西风,小于3级,8.5,19
2014-04-07,21,2,晴,西风,小于3级,11.5,19
2014-04-08,23,4,晴,西风,小于3级,13.5,19
2014-04-09,25,3,晴,西风,小于3级,14.0,22
2014-04-10,11,6,晴转小雨,东风,小于3级,8.5,5
2014-04-11,10,2,小雨,东风,小于3级,6.0,8
2014-04-12,16,3,小雨转阴,东南风,小于3级,9.5,13
2014-04-13,21,6,阴转晴,东南风,小于3级,13.5,15
2014-04-14,22,5,晴转多云,南风,小于3级,13.5,17
2014-04-15,20,5,多云转阴,南风,小于3级,12.5,15
2014-04-16,15,7,阵雨转阴,南风,小于3级,11.0,8
2014-04-17,18,9,小雨转阴,南风,小于3级,13.5,9
2014-04-18,15,8,晴转小雨,南风,小于3级,11.5,7
2014-04-19,12,7,小到中雨转小雨,南风,小于3级,9.5,5
2014-04-20,16,5,阴,南风,小于3级,10.5,11
2014-04-21,17,5,多云,南风,小于3级,11.0,12
2014-04-22,17,4,多云,南风,小于3级,10.5,13
2014-04-23,22,3,多云,南风,小于3级,12.5,19
2014-04-24,24,10,多云,南风,小于3级,17.0,14
2014-04-25,17,8,多云转小雨,南风~东风,小于3级~3-4级,12.5,9
2014-04-26,19,5,多云转阴,南风~东风,3-4级,12.0,14
2014-04-27,19,3,多云转晴,西风,小于3级,11.0,16
2014-04-28,19,4,晴转多云,西风,小于3级,11.5,15
2014-04-29,23,5,晴,西风,小于3级,14.0,18
2014-04-30,26,7,晴,西风,小于3级,16.5,19
2014-03-01,8,-5,阴转晴,西风,小于3级,1.5,13
2014-03-02,10,-5,晴,南风,小于3级,2.5,15
2014-03-03,10,-5,晴,南风,小于3级,2.5,15
2014-03-04,7,-5,多云转晴,西北风,小于3级,1.0,12
2014-03-05,3,-7,多云转晴,西北风,小于3级,-2.0,10
2014-03-06,5,-7,晴,南风,小于3级,-1.0,12
2014-03-07,5,-9,晴转多云,南风,小于3级,-2.0,14
2014-03-08,9,-6,小雪转多云,南风,小于3级,1.5,15
2014-03-09,10,-5,晴,西北风,3-4级,2.5,15
2014-03-10,14,-3,多云,西北风,3-4级,5.5,17
2014-03-11,14,-1,多云,西北风,3-4级~小于3级,6.5,15
2014-03-12,5,-2,阵雨转多云,西北风,4-5级,1.5,7
2014-03-13,11,-6,多云转晴,西北风,3-4级,2.5,17
2014-03-14,14,-4,晴,西北风,4-5级~3-4级,5.0,18
2014-03-15,18,0,晴,西北风,3-4级,9.0,18
2014-03-16,21,3,晴,西北风,3-4级,12.0,18
2014-03-17,15,2,多云转晴,西北风,3-4级~4-5级,8.5,13
2014-03-18,11,1,晴转阴,西北风,4-5级,6.0,10
2014-03-19,8,-1,小雨转多云,东风~西北风,小于3级~4-5级,3.5,9
2014-03-20,12,-3,晴,西北风,4-5级~3-4级,4.5,15
2014-03-21,17,-1,晴,西北风,3-4级,8.0,18
2014-03-22,18,0,晴,西北风,小于3级,9.0,18
2014-03-23,19,1,晴,西北风,小于3级,10.0,18
2014-03-24,16,4,晴,西北风,小于3级,10.0,12
2014-03-25,21,2,多云转晴,西北风,小于3级,11.5,19
2014-03-26,24,4,晴,西北风,小于3级,14.0,20
2014-03-27,22,4,晴转多云,西风~南风,小于3级,13.0,18
2014-03-28,19,9,小雨转多云,西北风,小于3级,14.0,10
2014-03-29,19,4,晴,西北风,小于3级,11.5,15
2014-03-30,19,3,多云转阴,南风,小于3级,11.0,16
2014-03-31,16,3,小雨,南风,小于3级,9.5,13
2014-02-01,14,-6,多云转晴,西风,小于3级~3-4级,4.0,20
2014-02-02,8,-3,晴,北风,3-4级,2.5,11
2014-02-03,8,-3,晴,北风,3-4级,2.5,11
2014-02-04,0,-10,多云转阴,北风,3-4级,-5.0,10
2014-02-05,-4,-8,小雪转阴,东风,小于3级,-6.0,4
2014-02-06,-6,-12,小雪,东风,小于3级,-9.0,6
2014-02-07,-4,-10,小雪,东风,小于3级,-7.0,6
2014-02-08,-2,-10,多云,东风~西风,小于3级~3-4级,-6.0,8
2014-02-09,-5,-14,多云,西风,小于3级~3-4级,-9.5,9
2014-02-10,-5,-15,晴转多云,西风,3-4级,-10.0,10
2014-02-11,0,-15,晴,西风,小于3级,-7.5,15
2014-02-12,-1,-14,晴转多云,南风,小于3级,-7.5,13
2014-02-13,1,-13,阴,南风,小于3级,-6.0,14
2014-02-14,3,-11,阴,南风,小于3级,-4.0,14
2014-02-15,6,-8,多云,南风,小于3级,-1.0,14
2014-02-16,2,-7,多云转阴,南风,小于3级,-2.5,9
2014-02-17,2,-8,阴转小雪,南风,小于3级,-3.0,10
2014-02-18,-2,-9,小雪转阴,南风,小于3级,-5.5,7
2014-02-19,3,-8,晴,西风,小于3级,-2.5,11
2014-02-20,5,-9,晴转多云,南风,小于3级,-2.0,14
2014-02-21,7,-7,晴转多云,南风,小于3级,0.0,14
2014-02-22,7,-7,多云转阴,南风,小于3级,0.0,14
2014-02-23,7,-7,晴转多云,东风,小于3级,0.0,14
2014-02-24,8,-4,晴转多云,东风,小于3级,2.0,12
2014-02-25,8,-2,多云,东风,小于3级,3.0,10
2014-02-26,11,0,多云,东风,小于3级,5.5,11
2014-02-27,7,-3,阴转晴,东风~西北风,小于3级,2.0,10
2014-02-28,4,-6,多云转雨夹雪,西北风~东风,小于3级,-1.0,10
2014-01-01,8,-5,晴,西北风,3-4级,1.5,13
2014-01-02,6,-6,晴转多云,西北风,3-4级,0.0,12
2014-01-03,3,-8,晴,西北风,3-4级,-2.5,11
2014-01-04,5,-7,晴,西北风,3-4级,-1.0,12
2014-01-05,2,-9,晴,西北风,3-4级,-3.5,11
2014-01-06,2,-9,阴,西北风,小于3级,-3.5,11
2014-01-07,0,-6,小雪转阴,南风,小于3级,-3.0,6
2014-01-08,-3,-8,多云转晴,西北风,4-5级,-5.5,5
2014-01-09,-2,-13,晴,西北风,4-5级~小于3级,-7.5,11
2014-01-10,2,-13,晴转多云,西北风,3-4级,-5.5,15
2014-01-11,1,-13,晴转多云,西北风,3-4级,-6.0,14
2014-01-12,-2,-12,晴,西北风,3-4级,-7.0,10
2014-01-13,3,-13,晴,南风,小于3级,-5.0,16
2014-01-14,2,-13,晴,东风,小于3级,-5.5,15
2014-01-15,4,-13,晴,东风,小于3级,-4.5,17
2014-01-16,3,-9,多云转晴,东风,小于3级,-3.0,12
2014-01-17,1,-12,多云转晴,西风,小于3级,-5.5,13
2014-01-18,5,-11,晴,西风,小于3级,-3.0,16
2014-01-19,2,-8,多云转晴,西北风,小于3级~5-6级,-3.0,10
2014-01-20,1,-10,晴,西北风,4-5级,-4.5,11
2014-01-21,1,-12,晴,西北风,4-5级~小于3级,-5.5,13
2014-01-22,7,-11,晴,西北风,小于3级,-2.0,18
2014-01-23,10,-9,晴,西北风,小于3级,0.5,19
2014-01-24,8,-7,多云,西北风,小于3级,0.5,15
2014-01-25,7,-5,多云,东南风,小于3级~4-5级,1.0,12
2014-01-26,7,-10,晴,西北风,小于3级,-1.5,17
2014-01-27,7,-10,晴,西北风,小于3级,-1.5,17
2014-01-28,2,-9,晴,西北风,小于3级,-3.5,11
2014-01-29,9,-7,晴,西北风,小于3级,1.0,16
2014-01-30,6,-5,晴,西北风,小于3级,0.5,11
2014-01-31,12,-5,晴转多云,南风,小于3级,3.5,17
2013-12-01,9,-6,晴,西北风,3-4级,1.5,15
2013-12-02,10,-5,晴转多云,西北风,3-4级,2.5,15
2013-12-03,8,-5,晴转多云,西北风,3-4级,1.5,13
2013-12-04,10,-4,晴转多云,西北风,小于3级,3.0,14
2013-12-05,6,-4,多云转晴,西风,小于3级,1.0,10
2013-12-06,9,-6,晴,西风,小于3级,1.5,15
2013-12-07,10,-5,晴,北风,小于3级,2.5,15
2013-12-08,7,-5,晴,北风,小于3级,1.0,12
2013-12-09,2,-8,晴转多云,西北风,3-4级~小于3级,-3.0,10
2013-12-10,3,-8,晴,北风,3-4级,-2.5,11
2013-12-11,6,-9,晴,北风,4-5级,-1.5,15
2013-12-12,4,-7,晴,西北风,3-4级~4-5级,-1.5,11
2013-12-13,4,-10,晴,西北风,3-4级,-3.0,14
2013-12-14,5,-10,晴,西北风,小于3级,-2.5,15
2013-12-15,6,-8,晴转多云,东风,小于3级,-1.0,14
2013-12-16,5,-7,晴转多云,东风,小于3级,-1.0,12
2013-12-17,0,-7,多云转阴,北风,小于3级~3-4级,-3.5,7
2013-12-18,1,-9,多云,北风,小于3级,-4.0,10
2013-12-19,2,-11,晴,北风,小于3级,-4.5,13
2013-12-20,3,-11,晴,东北风,小于3级,-4.0,14
2013-12-21,3,-10,晴转多云,东北风,小于3级,-3.5,13
2013-12-22,2,-10,晴转多云,西北风,小于3级,-4.0,12
2013-12-23,2,-11,晴,西北风,小于3级,-4.5,13
2013-12-24,4,-10,晴转多云,西风,小于3级,-3.0,14
2013-12-25,2,-10,多云转晴,西风,3-4级~4-5级,-4.0,12
2013-12-26,-1,-11,多云,北风,4-5级~3-4级,-6.0,10
2013-12-27,0,-11,晴,北风,3-4级~小于3级,-5.5,11
2013-12-28,1,-12,晴,北风,3-4级,-5.5,13
2013-12-29,3,-11,晴,西北风,3-4级,-4.0,14
2013-12-30,3,-11,晴,西北风,3-4级,-4.0,14
2013-12-31,5,-5,晴,西北风,3-4级,0.0,10
2013-11-01,10,3,小雨,西北风,小于3级,6.5,7
2013-11-02,15,1,多云转晴,北风,小于3级,8.0,14
2013-11-03,13,3,多云,北风,小于3级,8.0,10
2013-11-04,13,-1,晴转多云,北风,小于3级,6.0,14
2013-11-05,15,1,阴转多云,北风,小于3级,8.0,14
2013-11-06,14,2,多云转晴,西北风,3-4级~4-5级,8.0,12
2013-11-07,14,-2,多云转晴,西北风,3-4级~小于3级,6.0,16
2013-11-08,13,-1,晴转多云,西风,小于3级,6.0,14
2013-11-09,14,1,阴,西风,小于3级~3-4级,7.5,13
2013-11-10,9,-1,多云转晴,西北风,3-4级,4.0,10
2013-11-11,11,-3,晴,西北风,小于3级,4.0,14
2013-11-12,11,-3,多云转晴,西北风,小于3级,4.0,14
2013-11-13,11,-2,多云,西北风,小于3级,4.5,13
2013-11-14,10,-2,多云,西北风,小于3级,4.0,12
2013-11-15,12,-3,晴,西北风,小于3级~3-4级,4.5,15
2013-11-16,8,1,晴,西北风,3-4级~4-5级,4.5,7
2013-11-17,8,-3,晴,西北风,4-5级~3-4级,2.5,11
2013-11-18,8,-3,晴,西北风,小于3级,2.5,11
2013-11-19,10,-4,晴,南风,小于3级,3.0,14
2013-11-20,10,-4,晴转多云,西风,小于3级,3.0,14
2013-11-21,9,-5,晴,西风,小于3级,2.0,14
2013-11-22,11,-5,晴,西风,小于3级,3.0,16
2013-11-23,11,-3,多云转阴,东北风,小于3级,4.0,14
2013-11-24,6,-2,雨夹雪转多云,南风,小于3级,2.0,8
2013-11-25,6,-3,晴,西北风,3-4级~小于3级,1.5,9
2013-11-26,6,-4,晴,西北风,3-4级~小于3级,1.0,10
2013-11-27,1,-7,晴,西北风,3-4级~4-5级,-3.0,8
2013-11-28,3,-10,晴,西北风,3-4级,-3.5,13
2013-11-29,7,-8,晴,西北风,3-4级,-0.5,15
2013-11-30,7,-6,晴,西北风,3-4级,0.5,13
2013-10-01,21,12,阵雨转多云,南风,小于3级,16.5,9
2013-10-02,20,6,晴,微风,小于3级,13.0,14
2013-10-03,22,7,晴转多云,南风,小于3级,14.5,15
2013-10-04,25,9,晴,南风,小于3级,17.0,16
2013-10-05,23,8,多云,南风,小于3级,15.5,15
2013-10-06,20,8,多云,北风,小于3级,14.0,12
2013-10-07,20,7,多云,北风,小于3级,13.5,13
2013-10-08,23,8,多云转晴,北风,小于3级,15.5,15
2013-10-09,23,7,晴转多云,北风,小于3级,15.0,16
2013-10-10,20,6,晴,西北风,4-5级,13.0,14
2013-10-11,23,6,晴,西北风,3-4级~小于3级,14.5,17
2013-10-12,25,8,晴转多云,西北风,小于3级,16.5,17
2013-10-13,20,9,多云,西北风,小于3级,14.5,11
2013-10-14,20,9,多云,西北风,小于3级,14.5,11
2013-10-15,13,2,晴,西北风,小于3级,7.5,11
2013-10-16,15,3,多云转晴,西北风,小于3级,9.0,12
2013-10-17,17,2,多云转晴,西北风,小于3级,9.5,15
2013-10-18,17,4,多云,西风,小于3级,10.5,13
2013-10-19,15,5,晴,西北风,小于3级,10.0,10
2013-10-20,15,2,晴转多云,西北风,小于3级,8.5,13
2013-10-21,16,3,晴转多云,西北风,小于3级,9.5,13
2013-10-22,15,3,晴转多云,北风,小于3级~4-5级,9.0,12
2013-10-23,14,1,晴转多云,西北风,4-5级,7.5,13
2013-10-24,12,-1,晴,西北风,3-4级,5.5,13
2013-10-25,14,-1,晴,西北风,3-4级,6.5,15
2013-10-26,16,-2,晴,南风,小于3级,7.0,18
2013-10-27,17,0,晴转多云,南风,小于3级,8.5,17
2013-10-28,19,4,晴转多云,南风,小于3级,11.5,15
2013-10-29,13,2,多云转晴,西北风,小于3级,7.5,11
2013-10-30,12,0,多云,西北风,小于3级,6.0,12
2013-10-31,10,1,多云转阴,西北风,小于3级,5.5,9
2013-09-01,26,12,晴转多云,南风,小于3级,19.0,14
2013-09-02,25,10,晴转多云,西风,小于3级,17.5,15
2013-09-03,25,14,晴转多云,东风,小于3级,19.5,11
2013-09-04,21,14,小雨,东风,小于3级,17.5,7
2013-09-05,23,10,晴转多云,北风,小于3级,16.5,13
2013-09-06,27,11,晴,西北风,小于3级,19.0,16
2013-09-07,27,11,晴,西北风,小于3级,19.0,16
2013-09-08,22,13,小雨,南风,小于3级,17.5,9
2013-09-09,25,13,小雨转多云,南风,小于3级,19.0,12
2013-09-10,23,13,晴转多云,东北风,小于3级,18.0,10
2013-09-11,25,13,多云,北风,小于3级,19.0,12
2013-09-12,24,13,多云转阵雨,西南风,小于3级,18.5,11
2013-09-13,31,14,晴,西风,小于3级,22.5,17
2013-09-14,28,14,多云转晴,西风,小于3级,21.0,14
2013-09-15,26,16,多云转晴,西风,小于3级,21.0,10
2013-09-16,22,16,多云转阴,东风,小于3级,19.0,6
2013-09-17,19,14,小雨,东风,小于3级,16.5,5
2013-09-18,21,15,多云,南风,小于3级,18.0,6
2013-09-19,21,14,多云转阵雨,南风,小于3级,17.5,7
2013-09-20,21,13,多云转小雨,南风,小于3级,17.0,8
2013-09-21,18,12,小雨,南风,小于3级,15.0,6
2013-09-22,19,13,小雨转中雨,东风,小于3级,16.0,6
2013-09-23,15,13,大雨转中雨,南风,小于3级,14.0,2
2013-09-24,16,4,多云转晴,西北风,4-5级,10.0,12
2013-09-25,18,4,晴,西北风,3-4级~小于3级,11.0,14
2013-09-26,22,6,晴,西北风,小于3级,14.0,16
2013-09-27,24,6,晴,西北风,小于3级,15.0,18
2013-09-28,24,6,多云转晴,西北风,小于3级,15.0,18
2013-09-29,22,8,晴,西北风,小于3级,15.0,14
2013-09-30,15,10,阴,南风,小于3级,12.5,5
2013-08-01,27,17,雷阵雨转阵雨,南风,小于3级,22.0,10
2013-08-02,27,18,多云转中雨,北风~南风,小于3级,22.5,9
2013-08-03,31,20,多云,北风~南风,小于3级,25.5,11
2013-08-04,32,20,晴,北风~南风,小于3级,26.0,12
2013-08-05,32,20,晴转多云,北风,小于3级,26.0,12
2013-08-06,31,18,雷阵雨转小雨,北风~南风,小于3级,24.5,13
2013-08-07,26,19,小雨转暴雨,北风~南风,小于3级,22.5,7
2013-08-08,31,19,多云,南风,小于3级,25.0,12
2013-08-09,32,19,晴,北风,小于3级,25.5,13
2013-08-10,32,19,晴,北风,小于3级,25.5,13
2013-08-11,29,19,晴转雷阵雨,北风,小于3级,24.0,10
2013-08-12,28,20,中雨转雷阵雨,东风,小于3级,24.0,8
2013-08-13,31,19,多云,东风,小于3级,25.0,12
2013-08-14,31,19,多云转雷阵雨,东风,小于3级,25.0,12
2013-08-15,32,21,多云转晴,东风,小于3级,26.5,11
2013-08-16,34,23,多云,南风,小于3级,28.5,11
2013-08-17,33,22,多云转晴,南风,小于3级,27.5,11
2013-08-18,30,20,晴,北风,小于3级,25.0,10
2013-08-19,27,16,晴,东北风,小于3级,21.5,11
2013-08-20,28,17,晴,西北风,小于3级,22.5,11
2013-08-21,28,18,多云,西北风,小于3级,23.0,10
2013-08-22,26,18,多云转阵雨,西风,小于3级,22.0,8
2013-08-23,27,17,多云,北风,小于3级,22.0,10
2013-08-24,26,17,多云,北风,小于3级,21.5,9
2013-08-25,25,16,阵雨转多云,北风,小于3级,20.5,9
2013-08-26,29,17,多云,西风,小于3级,23.0,12
2013-08-27,27,16,多云,东南风,小于3级,21.5,11
2013-08-28,26,16,小雨转多云,东南风,小于3级,21.0,10
2013-08-29,28,12,晴转多云,东北风,小于3级,20.0,16
2013-08-30,21,12,多云,西风,小于3级,16.5,9
2013-08-31,24,10,晴,南风,小于3级,17.0,14
2013-07-01,27,19,阴转中雨,南风,小于3级,23.0,8
2013-07-02,31,21,多云,东北风,小于3级,26.0,10
2013-07-03,34,19,晴,北风,小于3级,26.5,15
2013-07-04,29,19,多云转晴,北风,小于3级,24.0,10
2013-07-05,31,20,晴,北风,小于3级,25.5,11
2013-07-06,31,20,晴,北风,小于3级,25.5,11
2013-07-07,32,18,多云,东北风,小于3级,25.0,14
2013-07-08,31,20,多云转阵雨,北风,小于3级,25.5,11
2013-07-09,22,17,大雨转中雨,北风,小于3级,19.5,5
2013-07-10,20,17,中雨,北风,小于3级,18.5,3
2013-07-11,20,17,中雨转大雨,东北风,小于3级,18.5,3
2013-07-12,21,17,中雨转大雨,东北风,小于3级,19.0,4
2013-07-13,28,18,阴,东北风,小于3级,23.0,10
2013-07-14,22,18,中雨,东北风,小于3级,20.0,4
2013-07-15,24,18,小雨转中雨,东北风~西北风,小于3级~3-4级,21.0,6
2013-07-16,30,17,晴,西北风,小于3级~3-4级,23.5,13
2013-07-17,28,17,阴转小雨,西北风,小于3级~3-4级,22.5,11
2013-07-18,24,18,阵雨转小雨,南风,小于3级,21.0,6
2013-07-19,29,18,多云转晴,东风,小于3级,23.5,11
2013-07-20,27,17,多云,东风,小于3级,22.0,10
2013-07-21,30,17,晴转多云,微风,小于3级,23.5,13
2013-07-22,25,18,多云转阴,东北风,小于3级,21.5,7
2013-07-23,27,16,中雨转多云,北风,小于3级,21.5,11
2013-07-24,32,19,晴,北风,小于3级,25.5,13
2013-07-25,27,18,多云转小雨,北风,小于3级,22.5,9
2013-07-26,25,20,中雨转小雨,北风,小于3级,22.5,5
2013-07-27,24,20,中雨转多云,北风,小于3级,22.0,4
2013-07-28,32,20,多云转晴,北风,小于3级,26.0,12
2013-07-29,25,17,小雨转多云,北风,小于3级,21.0,8
2013-07-30,32,19,多云,北风,小于3级,25.5,13
2013-07-31,31,18,多云转阵雨,北风,小于3级,24.5,13
2013-06-01,31,14,晴,西风,小于3级~3-4级,22.5,17
2013-06-02,30,13,晴转多云,北风,小于3级,21.5,17
2013-06-03,29,15,阵雨转多云,东风,小于3级,22.0,14
2013-06-04,30,16,多云转晴,东风,小于3级,23.0,14
2013-06-05,28,16,多云,东风,小于3级,22.0,12
2013-06-06,25,16,多云转雷阵雨,东风,小于3级,20.5,9
2013-06-07,25,17,小到中雨转多云,南风,小于3级,21.0,8
2013-06-08,23,15,小雨转中雨,南风,小于3级,19.0,8
2013-06-09,19,12,中雨转多云,南风,小于3级,15.5,7
2013-06-10,21,11,阴转多云,北风,小于3级,16.0,10
2013-06-11,23,10,多云转晴,北风,小于3级,16.5,13
2013-06-12,27,9,多云转晴,北风,小于3级,18.0,18
2013-06-13,28,14,晴转多云,北风,小于3级,21.0,14
2013-06-14,27,14,多云转晴,南风,小于3级,20.5,13
2013-06-15,29,14,多云,东风,小于3级,21.5,15
2013-06-16,30,16,多云,东风,小于3级,23.0,14
2013-06-17,26,16,雷阵雨转中雨,东风,小于3级,21.0,10
2013-06-18,26,18,中雨转多云,东风,小于3级,22.0,8
2013-06-19,28,20,多云,东风,小于3级,24.0,8
2013-06-20,22,15,阵雨转中雨,东风,小于3级,18.5,7
2013-06-21,17,13,中雨,东风,小于3级,15.0,4
2013-06-22,19,14,中到大雨转小雨,东风,小于3级,16.5,5
2013-06-23,28,17,阴转晴,南风,小于3级,22.5,11
2013-06-24,28,18,阵雨转多云,西风,小于3级,23.0,10
2013-06-25,31,18,多云,西风,小于3级,24.5,13
2013-06-26,34,16,多云转晴,西风,小于3级,25.0,18
2013-06-27,34,17,晴,西风,小于3级,25.5,17
2013-06-28,33,17,晴转多云,西风,小于3级,25.0,16
2013-06-29,30,19,多云,西风,小于3级,24.5,11
2013-06-30,30,19,多云,南风,小于3级,24.5,11
2013-05-01,24,7,晴,东南风,小于3级,15.5,17
2013-05-02,21,7,晴转多云,西北风,小于3级,14.0,14
2013-05-03,19,10,晴,西北风,小于3级,14.5,9
2013-05-04,26,10,晴,西北风,小于3级,18.0,16
2013-05-05,25,9,多云,西北风,小于3级,17.0,16
2013-05-06,24,11,多云,南风,3-4级~小于3级,17.5,13
2013-05-07,23,13,多云,南风,小于3级,18.0,10
2013-05-08,22,12,阵雨,南风,小于3级,17.0,10
2013-05-09,22,9,多云转晴,北风,小于3级,15.5,13
2013-05-10,25,8,多云,北风,小于3级,16.5,17
2013-05-11,31,14,晴,北风,3-4级,22.5,17
2013-05-12,32,15,晴,北风,3-4级,23.5,17
2013-05-13,28,13,多云,北风,3-4级,20.5,15
2013-05-14,26,12,多云转晴,西北风,3-4级~4-5级,19.0,14
2013-05-15,23,10,晴转多云,西北风,3-4级,16.5,13
2013-05-16,22,11,多云转阴,南风,3-4级,16.5,11
2013-05-17,24,12,多云,东北风~南风,小于3级~3-4级,18.0,12
2013-05-18,25,14,多云转晴,北风~南风,小于3级~3-4级,19.5,11
2013-05-19,27,13,多云,北风~南风,小于3级~3-4级,20.0,14
2013-05-20,29,14,晴,西风,4-5级~3-4级,21.5,15
2013-05-21,34,15,晴,西风,4-5级,24.5,19
2013-05-22,27,15,阵雨转小雨,西风,小于3级,21.0,12
2013-05-23,26,14,多云,南风,小于3级,20.0,12
2013-05-24,28,14,小雨转阴,南风,小于3级,21.0,14
2013-05-25,25,13,阴转小雨,南风,小于3级,19.0,12
2013-05-26,22,13,中雨转阴,南风,小于3级,17.5,9
2013-05-27,25,15,多云,南风,小于3级,20.0,10
2013-05-28,18,11,中雨转多云,南风,小于3级,14.5,7
2013-05-29,26,14,晴,西北风,小于3级,20.0,12
2013-05-30,28,12,晴,西风,小于3级~3-4级,20.0,16
2013-05-31,31,14,晴,西风,小于3级~3-4级,22.5,17
2013-04-01,13,0,多云转晴,西北风,3-4级,6.5,13
2013-04-02,20,3,晴转多云,西风,小于3级,11.5,17
2013-04-03,19,2,多云,东南风~南风,小于3级,10.5,17
2013-04-04,16,1,小雨,西北风,3-4级,8.5,15
2013-04-05,11,1,小雨转多云,西南风~西北风,小于3级~4-5级,6.0,10
2013-04-06,10,-2,多云,西北风,4-5级~3-4级,4.0,12
2013-04-07,16,-4,多云,西北风,小于3级,6.0,20
2013-04-08,8,-3,多云转晴,北风,5-6级,2.5,11
2013-04-09,8,-3,晴,西北风,5-6级~4-5级,2.5,11
2013-04-10,12,-3,晴,西北风,4-5级~3-4级,4.5,15
2013-04-11,15,-1,晴,西北风,3-4级,7.0,16
2013-04-12,23,1,晴,西北风,3-4级,12.0,22
2013-04-13,27,5,多云,西风,4-5级,16.0,22
2013-04-14,24,6,晴,西风,3-4级,15.0,18
2013-04-15,28,5,晴转多云,西风,3-4级,16.5,23
2013-04-16,21,10,晴,西风,3-4级,15.5,11
2013-04-17,18,2,晴转多云,东南风,3-4级,10.0,16
2013-04-18,10,-2,多云,北风,4-5级,4.0,12
2013-04-19,4,-2,阴转小雨,东风,小于3级,1.0,6
2013-04-20,10,-4,阴转晴,东风~南风,小于3级,3.0,14
2013-04-21,15,-2,晴,东风~南风,小于3级~3-4级,6.5,17
2013-04-22,13,2,阵雨转多云,南风,小于3级,7.5,11
2013-04-23,22,6,晴,北风,4-5级,14.0,16
2013-04-24,21,7,多云,西北风,4-5级,14.0,14
2013-04-25,18,7,晴,西北风,4-5级,12.5,11
2013-04-26,27,9,晴,西风,3-4级~4-5级,18.0,18
2013-04-27,22,8,晴转多云,西风~南风,3-4级,15.0,14
2013-04-28,19,8,小雨转晴,西风~南风,4-5级,13.5,11
2013-04-29,24,8,多云转晴,北风,3-4级~小于3级,16.0,16
2013-04-30,26,8,晴转多云,北风,3-4级,17.0,18
2013-03-01,6,-7,扬沙转晴,北风~南风,5-6级~3-4级,-0.5,13
2013-03-02,6,-8,多云转晴,西北风,3-4级,-1.0,14
2013-03-03,13,-5,晴,西北风,3-4级,4.0,18
2013-03-04,14,-2,晴,西北风,3-4级,6.0,16
2013-03-05,20,-3,晴,西风,小于3级,8.5,23
2013-03-06,17,0,多云转晴,北风,3-4级,8.5,17
2013-03-07,20,2,晴,北风,小于3级~3-4级,11.0,18
2013-03-08,22,3,晴,西风,4-5级,12.5,19
2013-03-09,16,-1,晴,西北风,4-5级,7.5,17
2013-03-10,5,-4,晴,北风~南风,4-5级~3-4级,0.5,9
2013-03-11,16,0,多云转阴,南风,小于3级,8.0,16
2013-03-12,15,-2,小雨,南风,小于3级,6.5,17
2013-03-13,8,-2,多云,西北风,小于3级,3.0,10
2013-03-14,5,1,多云转阴,南风,3-4级,3.0,4
2013-03-15,16,1,多云转阴,南风,小于3级,8.5,15
2013-03-16,14,2,多云转阴,南风,小于3级~3-4级,8.0,12
2013-03-17,19,2,阵雨转晴,南风,小于3级~3-4级,10.5,17
2013-03-18,16,3,晴,西风,4-5级,9.5,13
2013-03-19,12,0,晴,西风,4-5级,6.0,12
2013-03-20,10,-5,晴,北风~南风,小于3级~3-4级,2.5,15
2013-03-21,16,-3,晴,西风,小于3级,6.5,19
2013-03-22,11,0,多云转晴,南风,小于3级,5.5,11
2013-03-23,11,-4,晴,西风,小于3级~3-4级,3.5,15
2013-03-24,9,-3,晴,西北风,3-4级,3.0,12
2013-03-25,8,-6,多云转阴,西风,3-4级,1.0,14
2013-03-26,16,1,多云,北风~南风,小于3级~3-4级,8.5,15
2013-03-27,22,7,晴,北风,3-4级,14.5,15
2013-03-28,13,2,晴,西风~南风,3-4级,7.5,11
2013-03-29,13,-2,多云,南风,小于3级,5.5,15
2013-03-30,11,-2,多云转晴,南风,小于3级,4.5,13
2013-03-31,13,-3,多云,南风,4-5级,5.0,16
2013-02-01,3,-6,多云转晴,西北风,3-4级,-1.5,9
2013-02-02,8,-6,晴转多云,西风,小于3级,1.0,14
2013-02-03,4,-6,小雪转多云,西风,小于3级,-1.0,10
2013-02-04,3,-6,多云,西北风,3-4级~4-5级,-1.5,9
2013-02-05,1,-8,多云,东风,3-4级,-3.5,9
2013-02-06,4,-11,多云,东风,4-5级,-3.5,15
2013-02-07,-2,-11,晴,西北风,3-4级,-6.5,9
2013-02-08,4,-14,阴转多云,西北风,3-4级,-5.0,18
2013-02-09,4,-11,多云,西北风,小于3级,-3.5,15
2013-02-10,0,-9,多云,西北风,小于3级,-4.5,9
2013-02-11,2,-9,小雪,西北风,小于3级,-3.5,11
2013-02-12,3,-10,晴转多云,西北风,3-4级,-3.5,13
2013-02-13,7,-8,晴转多云,西风,3-4级,-0.5,15
2013-02-14,4,-10,晴,西风,小于3级,-3.0,14
2013-02-15,4,-10,多云转晴,西风,小于3级,-3.0,14
2013-02-16,7,-7,阴,南风,小于3级,0.0,14
2013-02-17,6,-7,多云转阴,东风~东北风,小于3级,-0.5,13
2013-02-18,1,-11,多云,北风~南风,小于3级,-5.0,12
2013-02-19,4,-10,晴,南风,3-4级,-3.0,14
2013-02-20,6,-11,晴,西风,小于3级,-2.5,17
2013-02-21,9,-10,晴,西风,小于3级,-0.5,19
2013-02-22,5,-8,晴,西风,小于3级,-1.5,13
2013-02-23,12,-6,晴,西风,小于3级,3.0,18
2013-02-24,10,-4,多云,西风,小于3级,3.0,14
2013-02-25,11,-5,多云,南风,小于3级,3.0,16
2013-02-26,12,-4,多云转晴,西风,小于3级,4.0,16
2013-02-27,16,-1,多云转阴,南风,小于3级,7.5,17
2013-02-28,12,-6,多云,北风,4-5级,3.0,18
2013-01-01,-5,-15,晴,西北风,5-6级,-10.0,10
2013-01-02,-6,-19,晴,西北风,4-5级,-12.5,13
2013-01-03,-6,-20,晴,西北风,4-5级~3-4级,-13.0,14
2013-01-04,-4,-18,晴,西北风,3-4级,-11.0,14
2013-01-05,-1,-17,晴,西风,小于3级,-9.0,16
2013-01-06,1,-15,晴,南风,小于3级,-7.0,16
2013-01-07,3,-12,晴,南风,3-4级,-4.5,15
2013-01-08,-1,-15,晴,西北风,3-4级,-8.0,14
2013-01-09,1,-15,晴,西北风,3-4级,-7.0,16
2013-01-10,2,-13,晴,西北风,3-4级,-5.5,15
2013-01-11,3,-11,晴,西风,小于3级,-4.0,14
2013-01-12,5,-10,晴转多云,南风,小于3级,-2.5,15
2013-01-13,6,-8,晴,西北风,3-4级~小于3级,-1.0,14
2013-01-14,5,-10,晴转多云,西北风,小于3级,-2.5,15
2013-01-15,4,-9,晴,西风,3-4级,-2.5,13
2013-01-16,2,-13,晴,西北风,3-4级~4-5级,-5.5,15
2013-01-17,2,-14,阴转晴,南风,小于3级,-6.0,16
2013-01-18,7,-12,晴,西风,小于3级,-2.5,19
2013-01-19,3,-9,晴转中到大雪,南风,小于3级,-3.0,12
2013-01-20,-2,-9,小到中雪转阴,南风,小于3级,-5.5,7
2013-01-21,2,-9,多云转晴,西北风,3-4级~小于3级,-3.5,11
2013-01-22,5,-7,阴转多云,西北风,小于3级,-1.0,12
2013-01-23,6,-9,多云转晴,北风,小于3级~5-6级,-1.5,15
2013-01-24,4,-9,晴,北风,3-4级,-2.5,13
2013-01-25,6,-10,晴,西北风,4-5级,-2.0,16
2013-01-26,6,-9,晴,西北风,4-5级,-1.5,15
2013-01-27,7,-8,晴,东风,小于3级,-0.5,15
2013-01-28,8,-8,晴,东风,小于3级,0.0,16
2013-01-29,10,-6,晴,西北风,小于3级,2.0,16
2013-01-30,11,-5,多云转阴,南风,小于3级,3.0,16
2013-01-31,3,-7,小雪转多云,南风,小于3级,-2.0,10
2012-12-01,2,-10,小雪转多云,西北风,3-4级~4-5级,-4.0,12
2012-12-02,2,-7,多云,西北风,3-4级~5-6级,-2.5,9
2012-12-03,2,-8,阴转晴,西北风,4-5级~5-6级,-3.0,10
2012-12-04,3,-10,晴转多云,西北风,4-5级,-3.5,13
2012-12-05,0,-10,多云转晴,西北风,4-5级,-5.0,10
2012-12-06,0,-12,晴,西北风,4-5级,-6.0,12
2012-12-07,2,-11,多云转晴,西北风,4-5级~5-6级,-4.5,13
2012-12-08,-2,-12,晴,西北风4-5级,西北风4-5级,-7.0,10
2012-12-09,-2,-12,晴,西北风4-5级,西北风4-5级,-7.0,10
2012-12-10,-2,-13,多云,西北风,3-4级,-7.5,11
2012-12-11,-2,-13,多云,西北风,3-4级,-7.5,11
2012-12-12,-1,-8,多云转阴,南风,小于3级,-4.5,7
2012-12-13,-3,-9,阴转中雪,南风,小于3级,-6.0,6
2012-12-14,-1,-9,多云,南风,小于3级,-5.0,8
2012-12-15,2,-9,多云转阴,南风,小于3级,-3.5,11
2012-12-16,4,-8,多云转晴,南风,小于3级,-2.0,12
2012-12-17,1,-9,多云转晴,西北风,4-5级,-4.0,10
2012-12-18,1,-12,晴转多云,西北风,3-4级,-5.5,13
2012-12-19,1,-12,多云转晴,西北风,小于3级,-5.5,13
2012-12-20,-5,-12,小到中雪转小雪,南风,小于3级,-8.5,7
2012-12-21,-2,-13,多云,西风,4-5级,-7.5,11
2012-12-22,-6,-14,多云,西北风,5-6级,-10.0,8
2012-12-23,-8,-18,晴,西北风,4-5级,-13.0,10
2012-12-24,-3,-18,晴,西北风,4-5级,-10.5,15
2012-12-25,-1,-15,晴,西北风,3-4级,-8.0,14
2012-12-26,-2,-16,晴,东北风,小于3级,-9.0,14
2012-12-27,-8,-13,阴转阵雪,东南风,小于3级,-10.5,5
2012-12-28,-4,-12,多云转小雪,东南风,小于3级,-8.0,8
2012-12-29,-6,-14,多云转晴,西北风,4-5级,-10.0,8
2012-12-30,-2,-15,晴,西北风,3-4级,-8.5,13
2012-12-31,0,-12,晴,西北风,3-4级,-6.0,12
2012-11-01,15,-2,晴,南风,小于3级,6.5,17
2012-11-02,14,-1,晴转多云,南风,小于3级,6.5,15
2012-11-03,6,-1,小雨转雨夹雪,北风,3-4级~4-5级,2.5,7
2012-11-04,5,-5,雨夹雪转多云,北风,5-6级,0.0,10
2012-11-05,8,-8,多云转晴,北风,4-5级,0.0,16
2012-11-06,14,-4,晴,北风,4-5级,5.0,18
2012-11-07,13,-2,晴,北风,3-4级,5.5,15
2012-11-08,10,-4,多云,南风,小于3级,3.0,14
2012-11-09,4,-3,多云转雨夹雪,南风,小于3级,0.5,7
2012-11-10,3,-7,小雨转雨夹雪,北风~西北风,4-5级~5-6级,-2.0,10
2012-11-11,7,-5,晴,北风,4-5级,1.0,12
2012-11-12,7,-4,晴,北风,5-6级,1.5,11
2012-11-13,9,-5,晴,北风,4-5级,2.0,14
2012-11-14,7,-5,晴,北风,3-4级,1.0,12
2012-11-15,7,-5,多云转小雨,北风,3-4级,1.0,12
2012-11-16,8,-4,雨夹雪转多云,北风,3-4级,2.0,12
2012-11-17,10,-5,晴转多云,北风,3-4级,2.5,15
2012-11-18,9,-5,晴,北风,3-4级,2.0,14
2012-11-19,10,-5,晴,北风,小于3级,2.5,15
2012-11-20,10,-5,多云转晴,北风,小于3级,2.5,15
2012-11-21,11,-2,多云,北风,3-4级~4-5级,4.5,13
2012-11-22,5,-3,多云,北风,小于3级~4-5级,1.0,8
2012-11-23,3,-6,多云转晴,北风,3-4级~4-5级,-1.5,9
2012-11-24,7,-7,晴,北风,4-5级~3-4级,0.0,14
2012-11-25,4,-5,多云转晴,西北风,3-4级~4-5级,-0.5,9
2012-11-26,7,-6,晴,西北风,3-4级,0.5,13
2012-11-27,8,-6,晴,西北风,3-4级,1.0,14
2012-11-28,5,-5,多云转晴,西北风,4-5级~3-4级,0.0,10
2012-11-29,3,-9,晴,西北风,3-4级,-3.0,12
2012-11-30,4,-9,晴,西北风,3-4级,-2.5,13
2012-10-01,23,4,晴,南风,小于3级,13.5,19
2012-10-02,23,6,晴转多云,南风,小于3级,14.5,17
2012-10-03,23,8,晴转多云,南风,小于3级,15.5,15
2012-10-04,18,8,晴转小雨,东北风,小于3级~3-4级,13.0,10
2012-10-05,19,6,小雨转多云,南风,小于3级,12.5,13
2012-10-06,19,5,晴,北风,小于3级,12.0,14
2012-10-07,19,7,多云,北风,小于3级,13.0,12
2012-10-08,20,7,多云转阴,北风,小于3级,13.5,13
2012-10-09,17,8,多云转晴,北风,3-4级,12.5,9
2012-10-10,18,2,多云转晴,北风,3-4级,10.0,16
2012-10-11,21,3,晴,西风,小于3级,12.0,18
2012-10-12,21,5,晴,西风,小于3级~3-4级,13.0,16
2012-10-13,18,5,晴转多云,西北风,小于3级~3-4级,11.5,13
2012-10-14,17,4,晴转多云,东南风,小于3级~3-4级,10.5,13
2012-10-15,12,4,多云转小雨,东南风,小于3级~3-4级,8.0,8
2012-10-16,10,6,小雨转多云,西北风,4-5级,8.0,4
2012-10-17,12,-1,晴,西北风,4-5级~3-4级,5.5,13
2012-10-18,18,-1,晴,西风,3-4级,8.5,19
2012-10-19,19,2,晴,西风,3-4级,10.5,17
2012-10-20,21,3,晴转多云,西风,3-4级,12.0,18
2012-10-21,13,5,多云转小雨,北风~西北风,3-4级,9.0,8
2012-10-22,16,3,多云转晴,北风,4-5级,9.5,13
2012-10-23,17,0,晴,西风,3-4级,8.5,17
2012-10-24,18,3,多云转晴,西风,3-4级,10.5,15
2012-10-25,18,2,晴转多云,西风,3-4级,10.0,16
2012-10-26,15,4,多云转小雨,西风~南风,小于3级,9.5,11
2012-10-27,18,1,多云转晴,西风~南风,小于3级,9.5,17
2012-10-28,12,3,多云转晴,北风,小于3级,7.5,9
2012-10-29,12,2,阴转多云,北风,小于3级~3-4级,7.0,10
2012-10-30,12,-1,多云,北风,小于3级~3-4级,5.5,13
2012-10-31,12,-4,晴,北风,小于3级~3-4级,4.0,16
2012-09-01,20,16,多云转中到大雨,北风~南风,小于3级,18.0,4
2012-09-02,23,9,多云,北风,小于3级,16.0,14
2012-09-03,23,12,晴,北风,3-4级,17.5,11
2012-09-04,22,8,晴,西北风,3-4级,15.0,14
2012-09-05,19,11,阵雨转中雨,南风,小于3级,15.0,8
2012-09-06,16,11,大雨转小雨,南风,小于3级,13.5,5
2012-09-07,21,13,多云,东南风,小于3级,17.0,8
2012-09-08,23,13,多云,西风,小于3级,18.0,10
2012-09-09,25,11,晴,东风~北风,小于3级,18.0,14
2012-09-10,23,11,晴转多云,东风,小于3级,17.0,12
2012-09-11,21,14,小雨转阵雨,东风,小于3级,17.5,7
2012-09-12,19,11,多云,西北风,小于3级,15.0,8
2012-09-13,20,7,晴,西北风,3-4级,13.5,13
2012-09-14,22,6,多云转晴,西北风,3-4级,14.0,16
2012-09-15,20,7,晴转多云,西北风~南风,小于3级,13.5,13
2012-09-16,20,7,晴转多云,西北风~南风,小于3级,13.5,13
2012-09-17,22,7,晴转多云,北风~东北风,小于3级,14.5,15
2012-09-18,22,8,多云转晴,北风,小于3级,15.0,14
2012-09-19,23,9,多云转晴,南风,小于3级,16.0,14
2012-09-20,25,9,晴转多云,南风,小于3级,17.0,16
2012-09-21,16,9,中雨转阵雨,东风,小于3级,12.5,7
2012-09-22,23,8,多云转晴,东风,小于3级,15.5,15
2012-09-23,25,10,晴,南风,小于3级,17.5,15
2012-09-24,21,11,多云转小雨,东风,小于3级,16.0,10
2012-09-25,18,11,多云转小雨,东北风,小于3级,14.5,7
2012-09-26,19,10,多云转小雨,东北风,小于3级,14.5,9
2012-09-27,20,10,晴,西北风,3-4级~5-6级,15.0,10
2012-09-28,18,7,晴,西北风,4-5级~3-4级,12.5,11
2012-09-29,19,5,晴,西北风,3-4级,12.0,14
2012-09-30,21,5,晴,西北风,3-4级,13.0,16
2012-08-01,20,16,小雨转中雨,东北风,小于3级,18.0,4
2012-08-02,25,18,多云,东风,小于3级,21.5,7
2012-08-03,25,17,多云转阵雨,东风,小于3级,21.0,8
2012-08-04,27,19,多云,东风,小于3级,23.0,8
2012-08-05,24,18,小雨转阴,东风~东南风,小于3级,21.0,6
2012-08-06,25,18,多云,东风,小于3级,21.5,7
2012-08-07,29,19,多云转阵雨,东风,小于3级,24.0,10
2012-08-08,29,20,多云转小到中雨,东风,小于3级,24.5,9
2012-08-09,28,19,阴转多云,东风,小于3级,23.5,9
2012-08-10,26,17,多云,东风,小于3级,21.5,9
2012-08-11,28,17,多云转阵雨,东风,小于3级,22.5,11
2012-08-12,24,17,小到中雨转中雨,东风,小于3级,20.5,7
2012-08-13,23,17,多云转小雨,东风,小于3级,20.0,6
2012-08-14,20,15,阵雨转多云,东风,小于3级,17.5,5
2012-08-15,27,15,晴,东风,小于3级,21.0,12
2012-08-16,26,16,晴转多云,西风,小于3级,21.0,10
2012-08-17,22,15,小雨转中到大雨,北风~南风,小于3级,18.5,7
2012-08-18,24,16,小雨转多云,东风,小于3级,20.0,8
2012-08-19,27,17,多云,北风,小于3级,22.0,10
2012-08-20,28,16,晴转多云,东风,小于3级,22.0,12
2012-08-21,25,13,多云,北风,小于3级,19.0,12
2012-08-22,23,12,晴转多云,北风,小于3级,17.5,11
2012-08-23,25,12,晴转多云,东风,小于3级,18.5,13
2012-08-24,26,11,多云转晴,北风,小于3级,18.5,15
2012-08-25,25,11,晴转多云,北风,小于3级,18.0,14
2012-08-26,25,13,多云,北风,小于3级,19.0,12
2012-08-27,25,15,多云转阵雨,东风,小于3级,20.0,10
2012-08-28,30,16,晴,东北风,小于3级,23.0,14
2012-08-29,31,16,晴,北风~南风,小于3级,23.5,15
2012-08-30,29,16,晴,北风,小于3级,22.5,13
2012-08-31,25,17,多云转阴,东北风,小于3级,21.0,8
2012-07-01,32,18,晴,北风,小于3级,25.0,14
2012-07-02,33,19,多云转晴,北风,小于3级,26.0,14
2012-07-03,32,18,晴转多云,北风,小于3级,25.0,14
2012-07-04,29,18,雷阵雨,北风~南风,小于3级,23.5,11
2012-07-05,29,18,多云,南风,小于3级,23.5,11
2012-07-06,30,18,晴,北风,小于3级,24.0,12
2012-07-07,25,20,多云转中雨,东北风,小于3级,22.5,5
2012-07-08,26,18,雷阵雨转小到中雨,东北风,小于3级,22.0,8
2012-07-09,23,18,大雨转中雨,东北风,小于3级,20.5,5
2012-07-10,30,19,晴,西风,小于3级,24.5,11
2012-07-11,34,19,晴,西北风,3-4级,26.5,15
2012-07-12,32,18,多云转雷阵雨,北风~东南风,小于3级,25.0,14
2012-07-13,26,17,中雨,东南风~北风,小于3级,21.5,9
2012-07-14,21,17,中雨转小雨,东南风,小于3级,19.0,4
2012-07-15,25,17,阵雨转晴,东北风,小于3级,21.0,8
2012-07-16,28,18,多云,北风~南风,小于3级,23.0,10
2012-07-17,27,16,多云,北风~南风,小于3级,21.5,11
2012-07-18,28,16,多云,北风~西风,小于3级,22.0,12
2012-07-19,30,17,晴转多云,东北风,小于3级,23.5,13
2012-07-20,30,21,多云,南风,小于3级,25.5,9
2012-07-21,24,16,大雨转大到暴雨,南风,小于3级~3-4级,20.0,8
2012-07-22,28,18,多云,南风,小于3级,23.0,10
2012-07-23,28,17,晴,北风,小于3级,22.5,11
2012-07-24,25,19,多云转阵雨,东北风,小于3级,22.0,6
2012-07-25,24,19,大雨,南风,小于3级,21.5,5
2012-07-26,27,20,中雨转阵雨,南风,小于3级,23.5,7
2012-07-27,25,19,中雨,南风,小于3级,22.0,6
2012-07-28,26,20,小到中雨转阵雨,东风,小于3级,23.0,6
2012-07-29,28,20,阵雨转多云,东风,小于3级,24.0,8
2012-07-30,25,19,雷阵雨转大到暴雨,东风,小于3级,22.0,6
2012-07-31,20,16,中到大雨转阵雨,东风,小于3级,18.0,4
2012-06-01,24,13,阵雨,北风~南风,小于3级~3-4级,18.5,11
2012-06-02,24,12,雷阵雨转多云,南风,小于3级,18.0,12
2012-06-03,24,13,阵雨,北风,3-4级,18.5,11
2012-06-04,28,14,多云,北风,3-4级,21.0,14
2012-06-05,29,13,晴,西风,小于3级,21.0,16
2012-06-06,26,13,多云转阵雨,北风,3-4级,19.5,13
2012-06-07,28,14,晴,北风,3-4级,21.0,14
2012-06-08,29,14,晴,西风,小于3级,21.5,15
2012-06-09,32,16,晴,北风,小于3级,24.0,16
2012-06-10,27,14,多云转晴,北风,小于3级~3-4级,20.5,13
2012-06-11,27,12,晴,北风,小于3级,19.5,15
2012-06-12,30,13,晴,北风,3-4级,21.5,17
2012-06-13,31,13,雷阵雨,北风,3-4级,22.0,18
2012-06-14,27,13,雷阵雨转多云,南风~西风,小于3级,20.0,14
2012-06-15,27,12,晴,西北风,3-4级,19.5,15
2012-06-16,30,13,晴,西北风,3-4级,21.5,17
2012-06-17,33,16,晴,西北风,3-4级,24.5,17
2012-06-18,34,16,晴,北风,3-4级,25.0,18
2012-06-19,34,16,晴转多云,北风,3-4级,25.0,18
2012-06-20,31,17,雷阵雨转多云,北风,小于3级,24.0,14
2012-06-21,32,19,阵雨转多云,北风,3-4级,25.5,13
2012-06-22,31,16,多云转雷阵雨,南风,3-4级,23.5,15
2012-06-23,31,17,阵雨转雷阵雨,东北风,小于3级,24.0,14
2012-06-24,25,17,中雨转大雨,北风~南风,小于3级,21.0,8
2012-06-25,25,17,雷阵雨转阵雨,南风,小于3级,21.0,8
2012-06-26,23,15,雷阵雨转阴,南风,小于3级,19.0,8
2012-06-27,24,18,阵雨转小雨,东风,小于3级,21.0,6
2012-06-28,20,16,中雨转中到大雨,东风,小于3级,18.0,4
2012-06-29,22,15,小雨转多云,东风,小于3级,18.5,7
2012-06-30,29,16,多云转晴,北风,小于3级,22.5,13
2012-05-01,26,11,阴转多云,西风~南风,3-4级,18.5,15
2012-05-02,29,13,晴,北风,小于3级,21.0,16
2012-05-03,29,13,晴,北风,小于3级,21.0,16
2012-05-04,29,13,晴,北风,小于3级,21.0,16
2012-05-05,29,13,晴,北风~南风,小于3级,21.0,16
2012-05-06,31,13,晴转多云,北风~西风,小于3级,22.0,18
2012-05-07,29,12,晴,西风,小于3级,20.5,17
2012-05-08,29,12,晴,东风,小于3级,20.5,17
2012-05-09,26,13,晴转阵雨,东风,小于3级,19.5,13
2012-05-10,28,14,晴,西风,小于3级,21.0,14
2012-05-11,24,13,多云转阵雨,南风,小于3级,18.5,11
2012-05-12,21,9,阴转多云,南风,小于3级,15.0,12
2012-05-13,23,10,多云,北风~南风,小于3级~3-4级,16.5,13
2012-05-14,20,7,多云,西风,3-4级,13.5,13
2012-05-15,23,7,晴,西风,3-4级,15.0,16
2012-05-16,22,9,晴,北风,3-4级~4-5级,15.5,13
2012-05-17,27,10,晴,北风,3-4级,18.5,17
2012-05-18,28,10,晴,西风,3-4级,19.0,18
2012-05-19,28,12,晴转多云,西风,3-4级,20.0,16
2012-05-20,27,13,晴转多云,南风,小于3级,20.0,14
2012-05-21,24,12,多云转雷阵雨,南风,小于3级,18.0,12
2012-05-22,24,12,多云,南风,小于3级,18.0,12
2012-05-23,25,11,多云,北风~南风,小于3级,18.0,14
2012-05-24,24,11,多云,北风~西风,小于3级,17.5,13
2012-05-25,25,12,晴转阵雨,西风,小于3级~3-4级,18.5,13
2012-05-26,27,12,多云,北风~南风,小于3级,19.5,15
2012-05-27,30,14,晴,北风,小于3级,22.0,16
2012-05-28,28,14,多云转雷阵雨,南风,小于3级,21.0,14
2012-05-29,22,10,小雨转多云,南风,小于3级,16.0,12
2012-05-30,25,10,多云转晴,南风~西风,小于3级,17.5,15
2012-05-31,24,13,多云转阵雨,北风~南风,3-4级,18.5,11
2012-04-01,19,9,晴转多云,西风,3-4级,14.0,10
2012-04-02,20,8,晴转多云,西风,3-4级,14.0,12
2012-04-03,18,10,晴转多云,西风,3-4级,14.0,8
2012-04-04,20,8,晴转多云,西风,3-4级,14.0,12
2012-04-05,21,7,晴转多云,西风,3-4级,14.0,14
2012-04-06,20,8,晴转多云,西风,3-4级,14.0,12
2012-04-07,20,8,晴转多云,西风,3-4级,14.0,12
2012-04-08,18,10,晴转多云,西风,3-4级,14.0,8
2012-04-09,19,9,晴转多云,西风,3-4级,14.0,10
2012-04-10,21,7,晴转多云,西风,3-4级,14.0,14
2012-04-11,18,10,晴转多云,西风,3-4级,14.0,8
2012-04-12,18,10,晴转多云,西风,3-4级,14.0,8
2012-04-13,19,9,晴转多云,西风,3-4级,14.0,10
2012-04-14,21,7,晴转多云,西风,3-4级,14.0,14
2012-04-15,20,8,晴转多云,西风,3-4级,14.0,12
2012-04-16,20,8,晴转多云,西风,3-4级,14.0,12
2012-04-17,19,9,晴转多云,西风,3-4级,14.0,10
2012-04-18,21,7,晴转多云,西风,3-4级,14.0,14
2012-04-19,20,8,晴转多云,西风,3-4级,14.0,12
2012-04-20,21,8,阵雨,南风,3-4级,14.5,13
2012-04-21,25,6,多云,西风,3-4级,15.5,19
2012-04-22,25,9,晴,西风,3-4级,17.0,16
2012-04-23,25,10,小雨转中到大雨,西风~南风,3-4级,17.5,15
2012-04-24,17,7,中雨转小雨,南风,3-4级,12.0,10
2012-04-25,23,4,阴转晴,西北风,4-5级~5-6级,13.5,19
2012-04-26,24,8,晴,西北风,4-5级,16.0,16
2012-04-27,23,11,晴,西北风,3-4级,17.0,12
2012-04-28,17,5,晴转多云,西北风~西风,3-4级,11.0,12
2012-04-29,20,6,晴转多云,西风,3-4级,13.0,14
2012-04-30,21,8,晴转多云,西风,3-4级,14.5,13
2012-03-01,3,-5,多云~雨夹雪,南风,微风,-1.0,8
2012-03-02,-1,-6,小雪~阴,东风,微风,-3.5,5
2012-03-03,-1,-6,小雪~阴,东风,微风,-3.5,5
2012-03-04,1,-6,阴,东北风,3-4级,-2.5,7
2012-03-05,1,-6,多云~晴,东风~西北风,3-4级,-2.5,7
2012-03-06,9,-6,晴~多云,西北风~西风,3-4级,1.5,15
2012-03-07,8,-5,多云,西北风,3-4级,1.5,13
2012-03-08,2,-6,阴,东风,微风,-2.0,8
2012-03-09,4,-6,多云~晴,西北风,微风,-1.0,10
2012-03-10,7,-7,多云,西北风,3-4级~4-5级,0.0,14
2012-03-11,7,-6,多云~晴,西北风,3-4级,0.5,13
2012-03-12,8,-6,晴,西风,微风,1.0,14
2012-03-13,13,-5,晴,西风,微风,4.0,18
2012-03-14,12,-4,多云~阴,西风,微风,4.0,16
2012-03-15,5,-5,雨夹雪~多云,南风,微风,0.0,10
2012-03-16,16,0,晴,西风,3-4级,8.0,16
2012-03-17,14,0,多云~晴,西风,3-4级,7.0,14
2012-03-18,7,-4,小雨~雨夹雪,西风,3-4级,1.5,11
2012-03-19,4,-5,雨夹雪~阴,东北风,微风,-0.5,9
2012-03-20,9,-3,雾~多云,东风,微风,3.0,12
2012-03-21,6,-2,多云~小雨,东风,微风,2.0,8
2012-03-22,4,-1,小雨~多云,西北风,3-4级,1.5,5
2012-03-23,8,-5,晴,西北风,5-6级,1.5,13
2012-03-24,13,-1,晴,西北风,3-4级~微风,6.0,14
2012-03-25,15,-1,晴,西风,3-4级,7.0,16
2012-03-26,17,-1,晴,北风~南风,3-4级,8.0,18
2012-03-27,18,0,晴,东风~南风,微风~3-4级,9.0,18
2012-03-28,18,0,多云~阵雨,西风,3-4级,9.0,18
2012-03-29,19,0,多云~晴,西北风,4-5级~5-6级,9.5,19
2012-03-30,13,-1,晴,西北风,4-5级,6.0,14
2012-03-31,17,3,晴,西北风,3-4级,10.0,14
2012-02-01,-4,-14,多云,西北风,3-4级,-9.0,10
2012-02-02,-1,-13,晴,西北风,微风,-7.0,12
2012-02-03,4,-10,晴,东北风,4-5级,-3.0,14
2012-02-04,2,-11,阴~多云,北风~南风,3-4级,-4.5,13
2012-02-05,3,-11,多云,南风~北风,微风~3-4级,-4.0,14
2012-02-06,-1,-14,多云~晴,西北风,4-5级,-7.5,13
2012-02-07,-4,-14,晴,西北风,4-5级,-9.0,10
2012-02-08,-2,-12,晴,西北风,4-5级~3-4级,-7.0,10
2012-02-09,1,-12,多云~晴,西北风,3-4级,-5.5,13
2012-02-10,1,-11,多云~晴,西风,3-4级,-5.0,12
2012-02-11,3,-10,晴,南风,微风,-3.5,13
2012-02-12,2,-8,多云,西风,微风,-3.0,10
2012-02-13,4,-8,多云,西风,微风,-2.0,12
2012-02-14,2,-7,阴~多云,西风,微风,-2.5,9
2012-02-15,1,-10,多云,南风~西北风,微风~3-4级,-4.5,11
2012-02-16,1,-13,晴,西北风,3-4级,-6.0,14
2012-02-17,-1,-13,晴,西北风,4-5级~3-4级,-7.0,12
2012-02-18,0,-10,晴,西风,3-4级,-5.0,10
2012-02-19,4,-11,晴,西风,4-5级~3-4级,-3.5,15
2012-02-20,6,-8,晴~多云,西风~南风,3-4级~微风,-1.0,14
2012-02-21,7,-7,多云~晴,南风,微风,0.0,14
2012-02-22,9,-7,晴~多云,西北风,微风,1.0,16
2012-02-23,5,-5,多云~阴,南风,微风,0.0,10
2012-02-24,2,-9,阴~多云,南风,微风,-3.5,11
2012-02-25,4,-8,多云,东北风~东南风,微风,-2.0,12
2012-02-26,2,-8,多云,西北风,微风,-3.0,10
2012-02-27,5,-7,多云,西北风,微风,-1.0,12
2012-02-28,7,-5,多云,北风~南风,微风,1.0,12
2012-02-29,6,-5,多云~雨夹雪,南风,微风,0.5,11
2012-01-01,3,-8,晴~多云,南风,微风,-2.5,11
2012-01-02,-2,-12,多云~晴,东北风,5-6级,-7.0,10
2012-01-03,-3,-14,晴,东北风,4-5级~3-4级,-8.5,11
2012-01-04,-3,-11,晴,北风,3-4级,-7.0,8
2012-01-05,0,-12,晴,北风~南风,3-4级,-6.0,12
2012-01-06,1,-12,晴~多云,南风,微风,-5.5,13
2012-01-07,-1,-13,阴,南风,微风,-7.0,12
2012-01-08,2,-11,多云~晴,南风,微风,-4.5,13
2012-01-09,0,-13,晴,西风,微风,-6.5,13
2012-01-10,0,-13,晴~多云,北风,微风,-6.5,13
2012-01-11,2,-12,晴,北风~南风,微风,-5.0,14
2012-01-12,3,-11,晴,北风,微风,-4.0,14
2012-01-13,4,-12,晴,西北风,微风,-4.0,16
2012-01-14,2,-10,晴,西风,微风,-4.0,12
2012-01-16,2,-10,多云,西风,微风,-4.0,12
2012-01-17,2,-12,多云,西风,微风,-5.0,14
2012-01-18,-2,-9,雾~阴,西风,微风,-5.5,7
2012-01-19,-3,-10,小雪,南风,微风,-6.5,7
2012-01-20,-5,-12,大雪,南风,微风,-8.5,7
2012-01-21,-6,-14,阴~多云,东风,微风,-10.0,8
2012-01-22,-6,-19,多云~晴,西北风,微风,-12.5,13
2012-01-23,-4,-19,晴,北风,3-4级~微风,-11.5,15
2012-01-24,-4,-18,晴,北风,3-4级,-11.0,14
2012-01-25,0,-11,晴,北风,微风~3-4级,-5.5,11
2012-01-26,2,-13,晴,西风,微风~3-4级,-5.5,15
2012-01-28,0,-12,多云,西风,微风,-6.0,12
2012-01-29,-2,-14,小雪~多云,南风,微风,-8.0,12
2012-01-30,1,-11,多云,南风,微风,-5.0,12
2012-01-31,1,-12,晴,西北风,4-5级~3-4级,-5.5,13
2011-12-01,3,-7,多云,西风,3-4级,-2.0,10
2011-12-02,1,-9,多云,西北风,3-4级,-4.0,10
2011-12-03,5,-7,晴~多云,西风,微风,-1.0,12
2011-12-04,5,-4,多云~阴,西北风,微风,0.5,9
2011-12-05,1,-7,小雪~小到中雪,东风,微风,-3.0,8
2011-12-06,1,-4,多云~阵雪,东南风,微风,-1.5,5
2011-12-07,1,-10,晴,西北风,4-5级,-4.5,11
2011-12-08,-1,-13,晴,北风,4-5级,-7.0,12
2011-12-09,-2,-12,晴,西北风,3-4级,-7.0,10
2011-12-10,0,-8,晴,西北风,3-4级,-4.0,8
2011-12-11,3,-8,晴,西北风,微风,-2.5,11
2011-12-12,5,-6,多云,西风,微风,-0.5,11
2011-12-13,5,-8,晴,西风,3-4级~4-5级,-1.5,13
2011-12-14,1,-11,晴,西北风,4-5级,-5.0,12
2011-12-15,-1,-11,晴,西北风,4-5级,-6.0,10
2011-12-16,-2,-11,晴,西风,3-4级,-6.5,9
2011-12-17,3,-8,晴~多云,西北风,3-4级,-2.5,11
2011-12-18,4,-7,晴,西北风,微风,-1.5,11
2011-12-19,1,-8,多云,西风,4-5级,-3.5,9
2011-12-20,3,-8,多云~晴,西风,3-4级,-2.5,11
2011-12-21,-1,-11,晴,西北风,4-5级,-6.0,10
2011-12-22,-1,-11,晴,西北风,3-4级~4-5级,-6.0,10
2011-12-23,1,-9,晴,西北风,4-5级~3-4级,-4.0,10
2011-12-24,2,-9,晴,西北风,3-4级,-3.5,11
2011-12-25,3,-8,晴,西北风,3-4级,-2.5,11
2011-12-26,2,-8,晴~多云,西北风,3-4级,-3.0,10
2011-12-27,1,-7,阴~多云,南风,3-4级,-3.0,8
2011-12-28,3,-7,多云~晴,南风,微风,-2.0,10
2011-12-29,3,-9,阴~多云,南风,微风,-3.0,12
2011-12-30,4,-7,多云,南风,微风,-1.5,11
2011-12-31,3,-9,多云,北风,微风~3-4级,-3.0,12
2011-11-01,11,4,小雨~阴,南风,微风,7.5,7
2011-11-02,12,7,小雨,东风,微风,9.5,5
2011-11-03,10,5,小雨,东风,微风,7.5,5
2011-11-04,10,5,小雨~阴,东风,微风,7.5,5
2011-11-05,10,3,小雨~阴,东风,微风,6.5,7
2011-11-06,10,4,阴~阵雨,东风,微风,7.0,6
2011-11-07,10,5,小雨,东风,微风,7.5,5
2011-11-08,7,0,阴~多云,东风,微风,3.5,7
2011-11-09,9,-1,雾~多云,西北风,微风,4.0,10
2011-11-10,12,0,晴,西北风,微风,6.0,12
2011-11-11,13,-1,多云,西北风,3-4级,6.0,14
2011-11-12,11,0,多云,西北风,3-4级,5.5,11
2011-11-13,9,-3,晴,西北风,3-4级,3.0,12
2011-11-14,14,-2,晴,南风,3-4级,6.0,16
2011-11-15,12,1,多云~阴,南风,微风,6.5,11
2011-11-16,10,2,阴~小雨,东风,微风,6.0,8
2011-11-17,4,1,小雨,东风,微风,2.5,3
2011-11-18,7,-1,多云,北风,微风,3.0,8
2011-11-19,8,-6,晴,北风,3-4级,1.0,14
2011-11-20,4,-4,晴,北风,3-4级,0.0,8
2011-11-21,11,-3,晴~多云,南风,3-4级,4.0,14
2011-11-22,9,-8,晴,北风,4-5级~3-4级,0.5,17
2011-11-23,4,-4,晴,北风,3-4级,0.0,8
2011-11-24,7,-6,晴,西北风,微风,0.5,13
2011-11-25,11,-3,晴,南风,3-4级,4.0,14
2011-11-26,7,-2,晴~多云,西风,微风,2.5,9
2011-11-27,10,0,多云,西风,3-4级,5.0,10
2011-11-28,4,-6,雨夹雪~小雪,东风,微风,-1.0,10
2011-11-29,-2,-7,中雪~小雪,东风,微风,-4.5,5
2011-11-30,-1,-9,多云~晴,西北风,微风,-5.0,8
2011-10-01,15,4,多云,西北风,3-4级,9.5,11
2011-10-03,15,5,多云~阴,南风,微风,10.0,10
2011-10-04,15,3,小雨~阵雨,西风,微风,9.0,12
2011-10-05,22,7,多云~晴,北风~西北风,微风,14.5,15
2011-10-06,21,4,晴,西北风,微风,12.5,17
2011-10-07,22,5,晴,南风,微风,13.5,17
2011-10-08,23,6,晴~多云,北风,微风,14.5,17
2011-10-09,21,9,多云,东南风,微风,15.0,12
2011-10-10,14,10,阵雨~小雨,东南风,微风,12.0,4
2011-10-11,13,7,阵雨,东南风,微风,10.0,6
2011-10-12,15,8,小雨~阵雨,东北风,微风,11.5,7
2011-10-13,17,4,晴~多云,西北风,3-4级~4-5级,10.5,13
2011-10-14,15,3,晴,西北风,5-6级,9.0,12
2011-10-15,17,3,晴,西北风,5-6级,10.0,14
2011-10-16,17,6,晴,西北风,3-4级,11.5,11
2011-10-17,19,5,晴,西北风,3-4级,12.0,14
2011-10-18,20,4,晴,西北风,3-4级,12.0,16
2011-10-19,18,5,多云,南风,微风,11.5,13
2011-10-20,17,5,多云,南风,微风,11.0,12
2011-10-21,20,4,多云~晴,南风,微风,12.0,16
2011-10-22,16,4,多云~小雨,西风,微风,10.0,12
2011-10-23,13,0,多云~晴,西北风,4-5级~5-6级,6.5,13
2011-10-24,10,-1,多云~晴,西北风,3-4级,4.5,11
2011-10-25,13,2,多云~阵雨,南风,微风,7.5,11
2011-10-26,12,1,阴~多云,南风,微风,6.5,11
2011-10-27,10,-1,晴,西风,微风,4.5,11
2011-10-28,14,1,多云~晴,西风,微风,7.5,13
2011-10-29,17,1,晴,南风,微风,9.0,16
2011-10-30,16,2,晴,北风~南风,微风,9.0,14
2011-10-31,13,3,阴~阵雨,北风~南风,微风,8.0,10
2011-09-01,22,15,阵雨,东风,微风,18.5,7
2011-09-02,15,13,阵雨~中雨,东风,微风,14.0,2
2011-09-03,19,13,小雨~阵雨,东风,微风,16.0,6
2011-09-04,24,14,晴,东风~南风,微风,19.0,10
2011-09-05,23,13,晴~多云,北风,微风,18.0,10
2011-09-06,22,12,多云~阵雨,南风,微风,17.0,10
2011-09-07,22,12,多云,南风,微风,17.0,10
2011-09-08,23,11,晴~多云,东南风,微风,17.0,12
2011-09-09,16,11,阵雨~中到大雨,北风,微风,13.5,5
2011-09-10,12,10,小到中雨~小雨,东风,微风,11.0,2
2011-09-11,14,11,多云~小雨,东风,微风,12.5,3
2011-09-12,20,11,多云,东风,微风,15.5,9
2011-09-13,20,13,多云~阴,东风,微风,16.5,7
2011-09-14,22,10,多云,东风,微风,16.0,12
2011-09-15,20,11,多云,东风,微风,15.5,9
2011-09-16,20,11,小雨~中雨,北风,微风,15.5,9
2011-09-17,10,7,小雨~多云,东风,微风,8.5,3
2011-09-18,11,3,阴~多云,西北风,微风,7.0,8
2011-09-19,17,5,晴,西北风,微风,11.0,12
2011-09-20,18,6,晴~多云,无持续风向,微风,12.0,12
2011-09-21,21,6,晴,西北风,微风,13.5,15
2011-09-22,22,6,晴,西北风,微风,14.0,16
2011-09-23,22,6,晴,西北风,微风,14.0,16
2011-09-24,23,7,晴,西风,微风,15.0,16
2011-09-25,23,8,晴,西风,微风,15.5,15
2011-09-26,22,9,多云,南风,微风,15.5,13
2011-09-27,20,9,多云~阵雨,南风,微风,14.5,11
2011-09-28,18,6,阵雨~多云,南风,微风,12.0,12
2011-09-29,20,8,晴,西北风,3-4级,14.0,12
2011-09-30,14,5,阵雨~多云,西北风,3-4级,9.5,9
2011-08-01,29,17,多云,北风,微风,23.0,12
2011-08-02,23,14,多云,东风,微风,18.5,9
2011-08-03,27,16,晴,无持续风向,微风,21.5,11
2011-08-04,30,17,晴,西南风,微风,23.5,13
2011-08-05,27,17,阵雨~小雨,东风,微风,22.0,10
2011-08-06,26,17,阵雨~多云,东风,微风,21.5,9
2011-08-07,27,18,多云,无持续风向,微风,22.5,9
2011-08-08,31,18,多云,东风,微风,24.5,13
2011-08-09,33,19,多云~晴,东风,微风,26.0,14
2011-08-10,28,17,晴~阵雨,北风~南风,微风,22.5,11
2011-08-11,28,18,多云,南风,微风,23.0,10
2011-08-12,29,18,多云,东北风,微风,23.5,11
2011-08-13,31,19,多云,南风,微风,25.0,12
2011-08-14,30,20,多云~小雨,东风,微风,25.0,10
2011-08-15,27,19,小雨~大到暴雨,东风,微风,23.0,8
2011-08-16,25,18,阵雨~小雨,东风,微风,21.5,7
2011-08-17,23,15,雷阵雨~大到暴雨,东风,微风,19.0,8
2011-08-18,19,14,小雨,东北风,微风,16.5,5
2011-08-19,20,14,小雨~阵雨,东北风,微风,17.0,6
2011-08-20,25,13,晴,北风,微风,19.0,12
2011-08-21,26,12,晴,东风,微风,19.0,14
2011-08-22,24,12,晴,东风,微风,18.0,12
2011-08-23,24,13,晴,无持续风向,微风,18.5,11
2011-08-24,24,15,雷阵雨~阵雨,东风,微风,19.5,9
2011-08-25,22,15,中雨,东风,微风,18.5,7
2011-08-26,22,12,小雨,东风,微风,17.0,10
2011-08-27,22,14,阴~多云,东风,微风,18.0,8
2011-08-28,24,15,多云,北风,微风,19.5,9
2011-08-29,28,15,晴,南风,微风,21.5,13
2011-08-30,28,19,多云~晴,南风,微风,23.5,9
2011-08-31,30,19,晴~多云,南风,微风,24.5,11
2011-07-01,28,17,雷阵雨~小到中雨,东南风,微风,22.5,11
2011-07-02,20,17,大到暴雨~大雨,东风,微风,18.5,3
2011-07-03,24,16,阵雨~多云,西北风,微风,20.0,8
2011-07-04,29,18,多云,西风,微风,23.5,11
2011-07-05,28,17,雷阵雨~多云,西风,微风,22.5,11
2011-07-06,29,16,多云,西风~西北风,微风~5-6级,22.5,13
2011-07-07,29,16,多云~晴,西北风,3-4级~微风,22.5,13
2011-07-08,30,16,晴,西北风,微风,23.0,14
2011-07-09,31,17,晴~多云,北风~南风,微风,24.0,14
2011-07-10,28,16,晴~多云,西风,微风,22.0,12
2011-07-11,29,17,多云~阵雨,东风,微风,23.0,12
2011-07-12,28,17,阵雨~多云,东北风,微风,22.5,11
2011-07-13,29,17,多云~阵雨,北风~东南风,微风,23.0,12
2011-07-14,28,17,多云~阵雨,东南风,微风,22.5,11
2011-07-15,29,16,雷阵雨~阵雨,东风,微风,22.5,13
2011-07-16,29,17,多云~雷阵雨伴有冰雹,东南风,微风,23.0,12
2011-07-17,26,16,雷阵雨~中雨,东南风,微风,21.0,10
2011-07-18,25,16,中雨~小雨,东南风,微风,20.5,9
2011-07-19,25,16,雷阵雨~多云,东风,微风,20.5,9
2011-07-20,26,16,多云~雷阵雨,南风,微风,21.0,10
2011-07-21,28,17,雷阵雨~多云,南风,微风,22.5,11
2011-07-22,27,18,雷阵雨~多云,南风,微风,22.5,9
2011-07-23,30,20,多云~中雨,南风,微风,25.0,10
2011-07-24,30,20,雷阵雨~大雨,南风,微风,25.0,10
2011-07-25,32,19,多云~晴,南风,微风,25.5,13
2011-07-26,33,20,晴,南风,微风,26.5,13
2011-07-27,33,19,晴,南风,微风,26.0,14
2011-07-28,30,20,雷阵雨,东风,微风,25.0,10
2011-07-29,24,17,大到暴雨~大雨,东风,微风,20.5,7
2011-07-30,28,18,晴,南风~北风,微风,23.0,10
2011-07-31,31,17,晴,北风,微风,24.0,14
2011-06-01,26,12,多云,西风,4-5级~3-4级,19.0,14
2011-06-02,30,12,晴,西风,微风,21.0,18
2011-06-03,31,17,晴~多云,南风,微风,24.0,14
2011-06-04,28,16,晴~多云,南风,微风,22.0,12
2011-06-05,30,16,多云~雷阵雨,东风,微风,23.0,14
2011-06-06,28,17,多云~晴,西风,微风,22.5,11
2011-06-07,34,20,晴,北风~南风,3-4级,27.0,14
2011-06-08,33,17,雷阵雨~晴,西北风,微风,25.0,16
2011-06-09,25,15,阵雨,西北风,微风,20.0,10
2011-06-10,29,15,晴~多云,西北风,微风,22.0,14
2011-06-11,29,15,晴,西北风,3-4级,22.0,14
2011-06-12,27,13,晴,西北风~南风,3-4级,20.0,14
2011-06-13,30,13,晴~雷阵雨,南风,微风,21.5,17
2011-06-14,29,15,多云~阵雨,南风,微风,22.0,14
2011-06-15,31,17,雷阵雨~多云,南风,微风,24.0,14
2011-06-16,30,15,多云~雷阵雨,南风,微风,22.5,15
2011-06-17,24,15,多云~阵雨,南风,微风,19.5,9
2011-06-18,28,15,晴,南风,微风,21.5,13
2011-06-19,29,16,晴~多云,南风,微风,22.5,13
2011-06-20,29,18,晴,南风,微风,23.5,11
2011-06-21,28,16,多云~雷阵雨,南风,微风,22.0,12
2011-06-22,27,19,阵雨,东南风,微风,23.0,8
2011-06-23,32,17,多云~雷阵雨,东南风,微风,24.5,15
2011-06-24,23,12,雷阵雨~阵雨,东风,微风,17.5,11
2011-06-25,23,12,多云,东风,微风,17.5,11
2011-06-26,26,14,晴~多云,西北风,微风,20.0,12
2011-06-27,26,14,晴~阵雨,北风~南风,微风,20.0,12
2011-06-28,27,17,晴~多云,东风,微风,22.0,10
2011-06-29,30,17,晴~多云,东南风,微风,23.5,13
2011-06-30,30,19,多云,东南风,微风,24.5,11
2011-05-01,22,8,晴,西北风,3-4级,15.0,14
2011-05-02,23,7,多云~晴,东风,3-4级~微风,15.0,16
2011-05-03,22,7,多云~阵雨,东风,微风,14.5,15
2011-05-04,22,9,多云,南风,微风,15.5,13
2011-05-05,22,8,多云~晴,南风,微风,15.0,14
2011-05-06,24,7,晴,东风,3-4级,15.5,17
2011-05-07,22,11,多云~小雨,南风,3-4级,16.5,11
2011-05-08,17,9,中雨~中到大雨,南风,3-4级,13.0,8
2011-05-09,16,6,小雨~阵雨,南风,3-4级,11.0,10
2011-05-10,18,9,阴~晴,西风,微风,13.5,9
2011-05-11,21,6,晴,西北风,4-5级~5-6级,13.5,15
2011-05-12,19,7,晴,西北风,5-6级~4-5级,13.0,12
2011-05-13,23,10,晴,西北风,3-4级,16.5,13
2011-05-14,25,8,晴,南风,3-4级,16.5,17
2011-05-15,26,9,晴~多云,西风,3-4级,17.5,17
2011-05-16,27,11,晴,西风,3-4级,19.0,16
2011-05-17,31,15,多云,南风,3-4级,23.0,16
2011-05-18,32,11,晴~扬沙,西北风,5-6级~4-5级,21.5,21
2011-05-19,25,9,多云~雷阵雨,西北风,4-5级,17.0,16
2011-05-20,15,6,阴~多云,东北风,3-4级,10.5,9
2011-05-21,19,8,多云,西北风,微风,13.5,11
2011-05-22,24,8,晴,西北风,微风,16.0,16
2011-05-23,26,9,晴~多云,南风,微风,17.5,17
2011-05-24,24,11,多云,西风,微风,17.5,13
2011-05-25,25,10,晴~多云,西风,微风,17.5,15
2011-05-26,26,11,多云,西风,微风,18.5,15
2011-05-27,28,11,晴,南风,微风,19.5,17
2011-05-28,29,12,晴~多云,南风,微风,20.5,17
2011-05-29,26,11,雷阵雨~小雨,西北风,微风,18.5,15
2011-05-30,28,16,多云,南风~西北风,微风,22.0,12
2011-05-31,25,12,多云~晴,西北风,3-4级~微风,18.5,13
2011-04-01,8,-2,小雨,东风,微风,3.0,10
2011-04-02,6,-5,阴~晴,南风,3-4级,0.5,11
2011-04-03,10,-3,晴,南风,3-4级,3.5,13
2011-04-04,15,0,晴,南风,微风,7.5,15
2011-04-05,13,-1,多云~阵雨,南风,3-4级,6.0,14
2011-04-06,14,3,多云,南风~北风,3-4级~4-5级,8.5,11
2011-04-07,13,-1,多云~晴,西北风,3-4级,6.0,14
2011-04-08,17,0,晴,西北风,3-4级,8.5,17
2011-04-09,21,3,晴~扬沙,西北风,4-5级~5-6级,12.0,18
2011-04-10,12,0,多云~晴,北风,5-6级~3-4级,6.0,12
2011-04-11,17,2,晴,北风,4-5级~3-4级,9.5,15
2011-04-12,22,4,晴~多云,西风,微风,13.0,18
2011-04-13,26,8,多云~晴,南风,微风,17.0,18
2011-04-14,28,9,晴,南风,微风,18.5,19
2011-04-15,25,5,晴,北风,3-4级,15.0,20
2011-04-16,25,9,晴~多云,南风,3-4级~4-5级,17.0,16
2011-04-17,17,2,晴~扬沙,北风,5-6级~4-5级,9.5,15
2011-04-18,19,7,晴,西北风,4-5级,13.0,12
2011-04-19,22,7,晴,西北风,3-4级,14.5,15
2011-04-20,23,9,阵雨~小雨,南风,微风,16.0,14
2011-04-21,21,6,多云~晴,北风,4-5级~3-4级,13.5,15
2011-04-22,18,5,多云~晴,南风~北风,4-5级~5-6级,11.5,13
2011-04-23,16,4,多云~晴,北风,5-6级~4-5级,10.0,12
2011-04-24,20,5,晴,南风,3-4级,12.5,15
2011-04-25,23,9,晴~多云,西北风,4-5级~3-4级,16.0,14
2011-04-26,21,6,多云~晴,西北风,5-6级~4-5级,13.5,15
2011-04-27,22,7,晴,西北风,3-4级,14.5,15
2011-04-28,26,7,晴,南风,4-5级~3-4级,16.5,19
2011-04-29,26,7,晴,西北风,3-4级~4-5级,16.5,19
2011-04-30,22,7,扬沙~晴,西北风,5-6级,14.5,15
2011-03-01,4,-7,晴,北风,3-4级,-1.5,11
2011-03-02,4,-9,晴,北风,4-5级,-2.5,13
2011-03-03,7,-7,晴,北风,3-4级,0.0,14
2011-03-04,5,-8,晴~多云,北风,微风,-1.5,13
2011-03-05,9,-4,多云~晴,北风,微风,2.5,13
2011-03-06,9,-3,多云,东北风,微风,3.0,12
2011-03-07,8,-6,晴,西北风,微风,1.0,14
2011-03-08,7,-8,晴,西北风,3-4级,-0.5,15
2011-03-09,9,-4,晴,西北风,3-4级,2.5,13
2011-03-10,12,-3,晴,西风,3-4级,4.5,15
2011-03-11,15,-1,晴,西风,3-4级,7.0,16
2011-03-12,18,2,晴,西风,3-4级,10.0,16
2011-03-13,16,-3,多云,西北风,4-5级~5-6级,6.5,19
2011-03-14,5,-6,雨夹雪~多云,北风,4-5级~5-6级,-0.5,11
2011-03-15,6,-6,多云~晴,北风,4-5级,0.0,12
2011-03-16,8,-4,晴,北风,3-4级,2.0,12
2011-03-17,16,-1,晴~多云,东风,3-4级,7.5,17
2011-03-18,10,-3,扬沙~多云,西北风,4-5级~5-6级,3.5,13
2011-03-19,7,-3,阴~雨夹雪,南风~北风,3-4级,2.0,10
2011-03-20,8,-4,多云,北风,4-5级,2.0,12
2011-03-21,5,-8,多云~晴,北风,5-6级~4-5级,-1.5,13
2011-03-22,7,-5,晴,北风,3-4级,1.0,12
2011-03-23,6,-6,晴,西北风,4-5级~5-6级,0.0,12
2011-03-24,6,-5,晴,西北风,4-5级~3-4级,0.5,11
2011-03-25,10,-6,晴,西北风,3-4级~微风,2.0,16
2011-03-26,10,-5,晴,西北风,3-4级,2.5,15
2011-03-27,10,-3,晴,西北风,3-4级~微风,3.5,13
2011-03-28,13,-2,晴,西北风,微风,5.5,15
2011-03-29,18,-3,晴,南风,3-4级,7.5,21
2011-03-30,19,2,晴,南风,3-4级,10.5,17
2011-03-31,21,1,多云~小雨,南风~东风,3-4级~5-6级,11.0,20
2011-02-01,5,-9,晴,西风,微风,-2.0,14
2011-02-02,4,-9,晴,北风,微风,-2.5,13
2011-02-03,6,-10,晴,北风,微风,-2.0,16
2011-02-04,6,-10,晴,北风,微风,-2.0,16
2011-02-05,7,-8,晴,北风,4-5级,-0.5,15
2011-02-06,8,-8,晴,南风~北风,微风~4-5级,0.0,16
2011-02-07,7,-5,多云~晴,南风,微风,1.0,12
2011-02-08,6,-7,多云,东风,微风,-0.5,13
2011-02-09,3,-8,小雪,东风,微风,-2.5,11
2011-02-10,-1,-9,小雪~阴,东风,微风,-5.0,8
2011-02-11,1,-11,晴,北风,微风~3-4级,-5.0,12
2011-02-12,-4,-12,小雪,东风~北风,3-4级,-8.0,8
2011-02-13,-6,-14,小雪~多云,东风,3-4级,-10.0,8
2011-02-14,0,-12,多云~晴,无持续风向,微风,-6.0,12
2011-02-15,1,-14,晴,南风,微风,-6.5,15
2011-02-16,3,-8,多云,西风,3-4级,-2.5,11
2011-02-17,4,-7,多云~晴,西风,3-4级,-1.5,11
2011-02-18,5,-7,晴,西风,微风,-1.0,12
2011-02-19,6,-6,多云~晴,北风,微风,0.0,12
2011-02-20,8,-6,多云,西风,微风,1.0,14
2011-02-21,7,-6,多云,南风,微风,0.5,13
2011-02-22,10,-3,多云,东风,微风,3.5,13
2011-02-23,13,-4,多云,南风~北风,微风,4.5,17
2011-02-24,8,-5,多云,南风,微风,1.5,13
2011-02-25,2,-5,雨夹雪~中到大雪,南风,微风,-1.5,7
2011-02-26,-3,-7,小雪~小到中雪,东风,微风,-5.0,4
2011-02-27,-1,-9,小雪,东风,微风,-5.0,8
2011-02-28,2,-8,小雪~多云,北风,微风,-3.0,10
2011-01-01,-3,-11,阴~小雪,东北风~北风,微风,-7.0,8
2011-01-02,-1,-10,多云,北风,微风,-5.5,9
2011-01-03,1,-9,多云~晴,北风~南风,微风,-4.0,10
2011-01-04,-6,-15,多云,南风,微风,-10.5,9
2011-01-05,-3,-13,晴,南风,微风,-8.0,10
2011-01-06,2,-11,阴~多云,南风,微风,-4.5,13
2011-01-07,-4,-14,晴,北风~南风,4-5级~微风,-9.0,10
2011-01-08,-4,-14,晴,北风~南风,4-5级~微风,-9.0,10
2011-01-09,-2,-14,晴,北风~南风,4-5级~微风,-8.0,12
2011-01-10,-6,-14,晴,北风~南风,4-5级~微风,-10.0,8
2011-01-11,-1,-12,晴,北风~南风,4-5级~微风,-6.5,11
2011-01-12,0,-13,晴,北风,5-6级,-6.5,13
2011-01-13,0,-13,晴,北风,5-6级,-6.5,13
2011-01-14,-2,-14,晴,北风,5-6级,-8.0,12
2011-01-15,-5,-14,晴,北风,5-6级,-9.5,9
2011-01-16,-5,-14,晴,北风,4-5级~5-6级,-9.5,9
2011-01-26,0,-15,晴~多云,北风,微风,-7.5,15
2011-01-29,-4,-16,晴,北风,3-4级,-10.0,12
2011-01-30,-2,-14,晴,北风,微风,-8.0,12
2011-01-31,1,-12,晴,西风,微风,-5.5,13
