日期,最高气温,最低气温,天气,风向,风力,平均气温,温差
2019-09-01,25,17,阴,东北风,1级,21.0,8
2019-09-02,18,17,阴,西南风,1级,17.5,1
2019-09-03,20,17,小雨,东北风,1级,18.5,3
2019-09-04,19,17,阴,西北风,2级,18.0,2
2019-09-05,22,18,阴,东南风,1级,20.0,4
2019-09-06,25,18,阴,西南风,1级,21.5,7
2019-09-07,22,19,阴,西北风,1级,20.5,3
2019-09-08,23,20,阴,西北风,1级,21.5,3
2019-09-09,24,18,阴,东北风,3级,21.0,6
2019-09-10,21,18,阴,西北风,1级,19.5,3
2019-09-11,20,19,阴,西南风,微风,19.5,1
2019-09-12,21,15,阴,西北风,2级,18.0,6
2019-09-13,14,12,阴,东北风,3级,13.0,2
2019-09-14,15,14,阴,东南风,1级,14.5,1
2019-09-15,19,16,阴,西北风,1级,17.5,3
2019-09-16,19,15,阴,东北风,1级,17.0,4
2019-09-17,24,14,阴,西南风,1级,19.0,10
2019-09-18,21,14,阴,北风,2级,17.5,7
2019-09-19,18,15,阴,西北风,1级,16.5,3
2019-09-20,26,14,阴,西南风,1级,20.0,12
2019-09-21,25,14,阴,东北风,微风,19.5,11
2019-09-22,25,14,多云,东南风,1级,19.5,11
2019-09-23,19,15,阴,西南风,1级,17.0,4
2019-09-24,19,14,阴,西南风,1级,16.5,5
2019-09-25,24,13,多云,西北风,1级,18.5,11
2019-09-26,20,14,多云,西北风,微风,17.0,6
2019-09-27,22,15,多云,西北风,1级,18.5,7
2019-09-28,24,16,阴,东南风,1级,20.0,8
2019-09-29,25,15,雾,西北风,1级,20.0,10
2019-09-30,23,16,多云,东南风,1级,19.5,7
2019-08-01,31,20,阴,东南风,1级,25.5,11
2019-08-02,21,20,暴雨,西南风,1级,20.5,1
2019-08-03,29,20,小雨,西北风,2级,24.5,9
2019-08-04,30,20,阴,西北风,1级,25.0,10
2019-08-05,22,19,大暴雨,西南风,1级,20.5,3
2019-08-06,25,19,小雨,西北风,1级,22.0,6
2019-08-07,31,19,小雨,北风,1级,25.0,12
2019-08-08,26,19,阴,东南风,1级,22.5,7
2019-08-09,30,19,多云,西北风,1级,24.5,11
2019-08-10,32,19,晴,东北风,1级,25.5,13
2019-08-11,33,19,晴,东北风,1级,26.0,14
2019-08-12,33,20,晴,东北风,1级,26.5,13
2019-08-13,31,22,多云,西北风,2级,26.5,9
2019-08-14,32,18,晴,西北风,2级,25.0,14
2019-08-15,33,19,晴,西北风,1级,26.0,14
2019-08-16,33,20,多云,西北风,1级,26.5,13
2019-08-17,33,21,多云,西南风,1级,27.0,12
2019-08-18,26,20,阴,东南风,1级,23.0,6
2019-08-19,24,21,小雨,西南风,1级,22.5,3
2019-08-20,30,19,阴,东北风,1级,24.5,11
2019-08-21,22,20,小雨,西北风,微风,21.0,2
2019-08-22,27,20,中雨,西北风,微风,23.5,7
2019-08-23,31,20,多云,西北风,1级,25.5,11
2019-08-24,31,20,多云,东南风,微风,25.5,11
2019-08-25,28,21,小雨,东北风,1级,24.5,7
2019-08-26,30,20,阴,西北风,1级,25.0,10
2019-08-27,29,18,多云,东北风,1级,23.5,11
2019-08-28,27,18,小雨,东北风,1级,22.5,9
2019-08-29,30,18,多云,西南风,1级,24.0,12
2019-08-30,25,17,阴,西南风,微风,21.0,8
2019-08-31,24,16,阴,西北风,1级,20.0,8
2019-07-01,31,18,多云,北风,1级,24.5,13
2019-07-02,23,19,阴,东北风,1级,21.0,4
2019-07-03,28,18,阵雨,西南风,1级,23.0,10
2019-07-04,26,18,多云,东北风,1级,22.0,8
2019-07-05,28,19,阴,西北风,1级,23.5,9
2019-07-06,27,19,阴,东南风,1级,23.0,8
2019-07-07,28,19,晴,东北风,1级,23.5,9
2019-07-08,25,18,小雨,东南风,1级,21.5,7
2019-07-09,28,18,多云,西南风,1级,23.0,10
2019-07-10,30,19,多云,西南风,1级,24.5,11
2019-07-11,22,17,小雨,东北风,1级,19.5,5
2019-07-12,29,19,阴,东北风,2级,24.0,10
2019-07-13,31,19,晴,西北风,1级,25.0,12
2019-07-14,29,19,阴,东北风,1级,24.0,10
2019-07-15,24,19,阴,西北风,1级,21.5,5
2019-07-16,23,20,中雨,西北风,1级,21.5,3
2019-07-17,25,21,阴,西北风,2级,23.0,4
2019-07-18,25,21,小雨,西北风,1级,23.0,4
2019-07-19,26,21,小雨,西南风,1级,23.5,5
2019-07-20,32,21,多云,西南风,1级,26.5,11
2019-07-21,27,21,阴,西北风,1级,24.0,6
2019-07-22,24,19,中雨,东北风,微风,21.5,5
2019-07-23,33,20,阴,东北风,2级,26.5,13
2019-07-24,28,19,阴,西北风,1级,23.5,9
2019-07-25,28,19,阴,西北风,1级,23.5,9
2019-07-26,32,21,多云,北风,1级,26.5,11
2019-07-27,33,22,阴,东北风,1级,27.5,11
2019-07-28,28,22,阴,东北风,1级,25.0,6
2019-07-29,27,20,中雨,西北风,2级,23.5,7
2019-07-30,32,21,阴,东北风,1级,26.5,11
2019-07-31,32,19,多云,东南风,2级,25.5,13
2019-06-01,30,13,阴,西北风,4级,21.5,17
2019-06-02,30,15,晴,西南风,2级,22.5,15
2019-06-03,31,16,晴,西北风,1级,23.5,15
2019-06-04,27,15,阴,东南风,1级,21.0,12
2019-06-05,30,17,多云,东北风,1级,23.5,13
2019-06-06,22,17,阴,西北风,1级,19.5,5
2019-06-07,27,19,阴,西北风,2级,23.0,8
2019-06-08,26,18,阴,东北风,1级,22.0,8
2019-06-09,28,18,阴,东北风,2级,23.0,10
2019-06-10,25,18,阴,东北风,1级,21.5,7
2019-06-11,22,16,阴,西北风,3级,19.0,6
2019-06-12,29,19,多云,东北风,1级,24.0,10
2019-06-13,26,19,阴,东北风,1级,22.5,7
2019-06-14,23,18,阴,东南风,1级,20.5,5
2019-06-15,22,17,中雨,东北风,1级,19.5,5
2019-06-16,25,18,小雨,西北风,1级,21.5,7
2019-06-17,23,17,阵雨,西北风,1级,20.0,6
2019-06-18,22,18,阴,东南风,1级,20.0,4
2019-06-19,22,20,小雨,西南风,1级,21.0,2
2019-06-20,27,20,小雨,东北风,2级,23.5,7
2019-06-21,23,19,小雨,东北风,2级,21.0,4
2019-06-22,26,18,多云,东北风,1级,22.0,8
2019-06-23,24,18,多云,西南风,2级,21.0,6
2019-06-24,22,19,小雨,东南风,1级,20.5,3
2019-06-25,27,19,小雨,西南风,1级,23.0,8
2019-06-26,21,18,阵雨,北风,微风,19.5,3
2019-06-27,22,19,中雨,东北风,3级,20.5,3
2019-06-28,28,17,阴,西北风,1级,22.5,11
2019-06-29,30,18,多云,西北风,1级,24.0,12
2019-06-30,26,19,多云,西北风,1级,22.5,7
2019-05-01,17,13,阴,西北风,1级,15.0,4
2019-05-02,22,14,阴,东北风,1级,18.0,8
2019-05-03,17,14,阴,西北风,2级,15.5,3
2019-05-04,22,15,阴,西南风,1级,18.5,7
2019-05-05,17,14,阴,东南风,1级,15.5,3
2019-05-06,14,9,阴,东北风,4级,11.5,5
2019-05-07,11,8,阴,东北风,2级,9.5,3
2019-05-08,21,12,多云,东北风,1级,16.5,9
2019-05-09,25,12,多云,西北风,1级,18.5,13
2019-05-10,24,13,阴,东南风,1级,18.5,11
2019-05-11,27,15,多云,东南风,1级,21.0,12
2019-05-12,26,12,阴,西南风,1级,19.0,14
2019-05-13,25,14,阴,东北风,1级,19.5,11
2019-05-14,23,14,阴,东北风,1级,18.5,9
2019-05-15,18,15,阴,西南风,1级,16.5,3
2019-05-16,23,16,多云,东北风,1级,19.5,7
2019-05-17,25,17,多云,东北风,1级,21.0,8
2019-05-18,25,16,阴,东北风,2级,20.5,9
2019-05-19,21,12,阴,东北风,1级,16.5,9
2019-05-20,19,13,阴,西南风,1级,16.0,6
2019-05-21,26,15,阴,西北风,1级,20.5,11
2019-05-22,25,14,阴,东北风,1级,19.5,11
2019-05-23,27,16,多云,东南风,2级,21.5,11
2019-05-24,28,16,阴,东北风,1级,22.0,12
2019-05-25,30,18,多云,西北风,1级,24.0,12
2019-05-26,31,15,晴,东北风,1级,23.0,16
2019-05-27,20,13,阴,东北风,3级,16.5,7
2019-05-28,14,12,阴,北风,2级,13.0,2
2019-05-29,16,14,阴,西北风,1级,15.0,2
2019-05-30,25,15,多云,西北风,1级,20.0,10
2019-05-31,21,14,阴,西北风,1级,17.5,7
2019-04-01,16,9,阴,东北风,2级,12.5,7
2019-04-02,16,9,阴,东北风,2级,12.5,7
2019-04-03,17,8,多云,东北风,1级,12.5,9
2019-04-04,23,9,多云,东南风,1级,16.0,14
2019-04-05,25,9,多云,北风,1级,17.0,16
2019-04-06,27,10,晴,东北风,1级,18.5,17
2019-04-07,28,10,晴,东北风,1级,19.0,18
2019-04-08,28,12,阴,东北风,1级,20.0,16
2019-04-09,24,13,多云,东北风,2级,18.5,11
2019-04-10,14,11,阴,西北风,3级,12.5,3
2019-04-11,19,12,阴,东南风,1级,15.5,7
2019-04-12,19,12,阴,东北风,2级,15.5,7
2019-04-13,18,10,阴,东北风,2级,14.0,8
2019-04-14,23,11,多云,西北风,1级,17.0,12
2019-04-15,17,12,阴,东南风,1级,14.5,5
2019-04-16,21,13,晴,北风,1级,17.0,8
2019-04-17,24,13,晴,东北风,1级,18.5,11
2019-04-18,23,18,阴,东北风,1级,20.5,5
2019-04-19,23,14,阴,西北风,1级,18.5,9
2019-04-20,25,14,阴,东北风,1级,19.5,11
2019-04-21,24,12,阴,西北风,2级,18.0,12
2019-04-22,26,14,多云,西北风,1级,20.0,12
2019-04-23,27,15,阴,东北风,2级,21.0,12
2019-04-24,29,15,多云,西北风,1级,22.0,14
2019-04-25,30,17,多云,东北风,3级,23.5,13
2019-04-26,29,17,阴,东南风,1级,23.0,12
2019-04-27,19,16,阴,东北风,2级,17.5,3
2019-04-28,13,11,阴,东南风,1级,12.0,2
2019-04-29,24,12,阴,东北风,1级,18.0,12
2019-04-30,23,13,阴,东北风,1级,18.0,10
2019-03-01,4,4,阴,西北风,2级,4.0,0
2019-03-02,10,3,阴,东北风,1级,6.5,7
2019-03-03,12,4,多云,西北风,1级,8.0,8
2019-03-04,8,4,阴,东南风,1级,6.0,4
2019-03-05,19,5,阴,东北风,1级,12.0,14
2019-03-06,13,5,阴,西南风,1级,9.0,8
2019-03-07,6,5,阴,东南风,1级,5.5,1
2019-03-08,7,5,阴,西北风,1级,6.0,2
2019-03-09,16,4,阴,东北风,2级,10.0,12
2019-03-10,18,4,雾,西南风,2级,11.0,14
2019-03-11,20,7,雾,东北风,2级,13.5,13
2019-03-12,19,7,阴,西北风,1级,13.0,12
2019-03-13,10,5,阴,东北风,3级,7.5,5
2019-03-14,18,5,多云,东北风,1级,11.5,13
2019-03-15,16,7,阴,西南风,1级,11.5,9
2019-03-16,17,7,阴,东北风,1级,12.0,10
2019-03-17,11,7,阴,西北风,1级,9.0,4
2019-03-18,20,8,晴,西南风,1级,14.0,12
2019-03-19,13,8,阴,东北风,1级,10.5,5
2019-03-20,23,6,雾,东北风,1级,14.5,17
2019-03-21,14,7,阴,东北风,3级,10.5,7
2019-03-22,12,5,阴,东南风,2级,8.5,7
2019-03-23,17,5,阴,西南风,1级,11.0,12
2019-03-24,13,3,阴,东北风,微风,8.0,10
2019-03-25,12,7,多云,东南风,1级,9.5,5
2019-03-26,18,9,多云,东北风,2级,13.5,9
2019-03-27,16,8,阴,东北风,1级,12.0,8
2019-03-28,26,8,晴,东北风,2级,17.0,18
2019-03-29,24,7,多云,东北风,1级,15.5,17
2019-03-30,19,6,阴,东北风,2级,12.5,13
2019-03-31,22,7,阴,西北风,1级,14.5,15
2019-02-01,10,1,阴,西南风,2级,5.5,9
2019-02-02,7,0,阴,东南风,1级,3.5,7
2019-02-03,13,1,多云,东北风,1级,7.0,12
2019-02-04,13,2,晴,西北风,1级,7.5,11
2019-02-05,14,1,多云,东南风,1级,7.5,13
2019-02-06,17,2,多云,东南风,2级,9.5,15
2019-02-07,16,4,多云,东北风,3级,10.0,12
2019-02-08,6,2,阴,西北风,2级,4.0,4
2019-02-09,2,1,阴,东北风,3级,1.5,1
2019-02-10,9,0,阴,西北风,1级,4.5,9
2019-02-11,4,2,多云,东北风,1级,3.0,2
2019-02-12,13,2,晴,东北风,1级,7.5,11
2019-02-13,6,2,多云,西北风,1级,4.0,4
2019-02-14,5,1,阴,西北风,2级,3.0,4
2019-02-15,11,2,多云,西北风,3级,6.5,9
2019-02-16,6,1,阴,西北风,2级,3.5,5
2019-02-17,0,-2,阴,西北风,2级,-1.0,2
2019-02-18,4,1,阴,东北风,1级,2.5,3
2019-02-19,4,-1,晴,东北风,1级,1.5,5
2019-02-20,9,2,多云,北风,2级,5.5,7
2019-02-21,13,1,阴,北风,2级,7.0,12
2019-02-22,7,4,阴,东南风,1级,5.5,3
2019-02-23,9,3,阴,东北风,2级,6.0,6
2019-02-24,7,3,阴,东南风,1级,5.0,4
2019-02-25,8,4,阴,东南风,1级,6.0,4
2019-02-26,11,5,阴,西北风,2级,8.0,6
2019-02-27,8,3,多云,西北风,1级,5.5,5
2019-02-28,5,5,阴,西南风,1级,5.0,0
2019-01-01,1,-1,多云,东北风,2级,0.0,2
2019-01-02,0,0,阴,东南风,1级,0.0,0
2019-01-03,0,-1,雨夹雪,东北风,1级,-0.5,1
2019-01-04,5,0,多云,东北风,1级,2.5,5
2019-01-05,4,0,多云,西南风,1级,2.0,4
2019-01-06,2,0,雨夹雪,东北风,1级,1.0,2
2019-01-07,7,0,多云,东南风,1级,3.5,7
2019-01-08,3,0,阴,东北风,1级,1.5,3
2019-01-09,2,0,阴,西北风,2级,1.0,2
2019-01-10,3,-1,阴,东北风,1级,1.0,4
2019-01-11,8,-1,小雨,东北风,1级,3.5,9
2019-01-12,12,0,阴,东北风,1级,6.0,12
2019-01-13,9,0,晴,东北风,3级,4.5,9
2019-01-14,4,0,晴,东南风,1级,2.0,4
2019-01-15,8,0,阴,东北风,1级,4.0,8
2019-01-16,4,-2,多云,东南风,1级,1.0,6
2019-01-17,3,0,阴,西北风,微风,1.5,3
2019-01-18,7,0,阴,东北风,1级,3.5,7
2019-01-19,10,0,晴,东北风,1级,5.0,10
2019-01-20,8,-1,阴,东北风,2级,3.5,9
2019-01-21,10,-4,晴,东南风,1级,3.0,14
2019-01-22,9,-2,晴,东南风,1级,3.5,11
2019-01-23,10,0,晴,东北风,1级,5.0,10
2019-01-24,7,1,阴,东北风,1级,4.0,6
2019-01-25,13,0,多云,东北风,2级,6.5,13
2019-01-26,3,1,雨夹雪,北风,2级,2.0,2
2019-01-27,4,2,小雨,西北风,微风,3.0,2
2019-01-28,9,1,多云,东北风,2级,5.0,8
2019-01-29,10,2,阴,西北风,2级,6.0,8
2019-01-30,8,0,小雨,西南风,1级,4.0,8
2019-01-31,8,0,多云,东北风,2级,4.0,8
2018-12-02,10,3,小雨,东北风,2级,6.5,7
2018-12-03,13,2,晴,东北风,1级,7.5,11
2018-12-04,11,3,多云,东南风,1级,7.0,8
2018-12-05,9,1,雨夹雪,东北风,1级,5.0,8
2018-12-06,8,0,小雨,东北风,1级,4.0,8
2018-12-07,1,-1,雨夹雪,东南风,2级,0.0,2
2018-12-08,3,-1,雨夹雪,东南风,2级,1.0,4
2018-12-09,2,-1,雨夹雪,东南风,1级,0.5,3
2018-12-10,4,-1,多云,东北风,1级,1.5,5
2018-12-11,7,-2,晴,东南风,微风,2.5,9
2018-12-12,4,-1,多云,东南风,1级,1.5,5
2018-12-13,5,0,多云,西南风,1级,2.5,5
2018-12-14,3,1,多云,东南风,1级,2.0,2
2018-12-15,11,0,晴,西北风,1级,5.5,11
2018-12-16,12,-2,晴,西南风,微风,5.0,14
2018-12-17,12,-1,晴,西南风,1级,5.5,13
2018-12-18,10,1,多云,西南风,微风,5.5,9
2018-12-19,11,5,阵雨,西南风,1级,8.0,6
2018-12-20,7,2,阴,东北风,2级,4.5,5
2018-12-21,6,2,多云,东北风,1级,4.0,4
2018-12-22,11,0,多云,东北风,1级,5.5,11
2018-12-23,4,1,阴,东北风,1级,2.5,3
2018-12-24,3,2,雨夹雪,东北风,1级,2.5,1
2018-12-25,4,0,阴,东北风,1级,2.0,4
2018-12-26,8,1,多云,西北风,2级,4.5,7
2018-12-27,2,0,小雨,东北风,2级,1.0,2
2018-12-28,0,-2,阴,西北风,2级,-1.0,2
2018-12-29,3,-2,阴,东北风,2级,0.5,5
2018-12-30,0,-1,阴,东南风,1级,-0.5,1
2018-12-31,0,-2,阴,西南风,1级,-1.0,2
2018-11-01,20,8,多云,东南风,1级,14.0,12
2018-11-02,19,7,多云,东风,1级,13.0,12
2018-11-03,18,9,阴,南风,1级,13.5,9
2018-11-04,13,8,小雨,东风,2级,10.5,5
2018-11-05,13,4,小雨,东风,2级,8.5,9
2018-11-06,14,5,多云,西南风,3级,9.5,9
2018-11-07,14,4,多云,东北风,1级,9.0,10
2018-11-08,10,4,晴,东南风,1级,7.0,6
2018-11-09,14,5,晴,东南风,1级,9.5,9
2018-11-10,17,7,晴,西南风,1级,12.0,10
2018-11-11,15,5,多云,西南风,1级,10.0,10
2018-11-12,12,7,阴,东南风,1级,9.5,5
2018-11-13,9,8,小雨,东南风,1级,8.5,1
2018-11-14,12,7,小雨,东北风,1级,9.5,5
2018-11-15,8,5,小雨,东北风,2级,6.5,3
2018-11-16,6,4,小雨,东北风,2级,5.0,2
2018-11-17,7,3,小雨,西北风,2级,5.0,4
2018-11-18,11,1,晴,西南风,1级,6.0,10
2018-11-19,8,2,多云,西南风,1级,5.0,6
2018-11-20,10,0,多云,西南风,1级,5.0,10
2018-11-21,11,0,多云,西南风,1级,5.5,11
2018-11-22,12,1,多云,西南风,1级,6.5,11
2018-11-23,11,2,多云,西北风,1级,6.5,9
2018-11-24,15,1,晴,西北风,1级,8.0,14
2018-11-25,16,0,晴,西南风,1级,8.0,16
2018-11-26,15,3,晴,西北风,1级,9.0,12
2018-11-27,15,3,多云,西南风,1级,9.0,12
2018-11-28,13,3,多云,西南风,微风,8.0,10
2018-11-29,11,1,晴,东南风,2级,6.0,10
2018-11-30,14,5,多云,东北风,2级,9.5,9
2018-10-01,22,12,晴,西南风,微风,17.0,10
2018-10-02,19,11,晴,西南风,1级,15.0,8
2018-10-03,19,12,晴,西南风,1级,15.5,7
2018-10-04,22,10,多云,北风,微风,16.0,12
2018-10-05,20,12,多云,北风,1级,16.0,8
2018-10-06,18,12,小雨,西南风,1级,15.0,6
2018-10-07,17,12,小雨,南风,1级,14.5,5
2018-10-08,17,10,小雨,西南风,2级,13.5,7
2018-10-09,22,8,多云,东风,2级,15.0,14
2018-10-10,21,7,多云,东风,2级,14.0,14
2018-10-12,14,10,小雨,东南风,1级,12.0,4
2018-10-13,14,9,小雨,北风,1级,11.5,5
2018-10-14,16,10,阴,东南风,微风,13.0,6
2018-10-15,20,10,多云,西南风,2级,15.0,10
2018-10-16,18,11,小雨,东风,1级,14.5,7
2018-10-17,15,11,小雨,北风,1级,13.0,4
2018-10-18,13,11,中雨,北风,微风,12.0,2
2018-10-19,12,9,小雨,西北风,2级,10.5,3
2018-10-20,12,8,小雨,北风,1级,10.0,4
2018-10-21,17,9,多云,北风,微风,13.0,8
2018-10-22,16,10,小雨,西风,1级,13.0,6
2018-10-23,16,10,阵雨,西风,1级,13.0,6
2018-10-24,14,10,小雨,西北风,1级,12.0,4
2018-10-25,20,8,多云,北风,1级,14.0,12
2018-10-26,20,8,晴,东风,1级,14.0,12
2018-10-27,19,10,多云,东风,1级,14.5,9
2018-10-28,21,10,晴,东南风,1级,15.5,11
2018-10-29,23,9,多云,东风,1级,16.0,14
2018-10-30,23,7,晴,东风,1级,15.0,16
2018-10-31,23,6,晴,西南风,1级,14.5,17
2018-09-01,28,22,阵雨,南风,1级,25.0,6
2018-09-02,30,19,中雨,西南风,1级,24.5,11
2018-09-03,29,21,多云,南风,1级,25.0,8
2018-09-04,28,20,小雨,南风,3级,24.0,8
2018-09-05,23,18,大雨,西北风,2级,20.5,5
2018-09-06,27,15,晴,南风,1级,21.0,12
2018-09-10,19,15,阴,东南风,1级,17.0,4
2018-09-11,21,16,小雨,西南风,1级,18.5,5
2018-09-12,20,16,阵雨,南风,1级,18.0,4
2018-09-13,20,16,小雨,南风,1级,18.0,4
2018-09-14,20,16,晴,东南风,1级,18.0,4
2018-09-16,22,16,晴,北风,1级,19.0,6
2018-09-17,24,15,阴,南风,1级,19.5,9
2018-09-18,21,17,小雨,南风,1级,19.0,4
2018-09-19,24,17,小雨,东南风,1级,20.5,7
2018-09-20,24,14,多云,北风,1级,19.0,10
2018-09-21,28,14,晴,北风,1级,21.0,14
2018-09-22,26,16,多云,西南风,1级,21.0,10
2018-09-23,23,16,小雨,东风,微风,19.5,7
2018-09-24,19,15,中雨,北风,2级,17.0,4
2018-09-25,19,14,小雨,西北风,2级,16.5,5
2018-09-26,18,13,小雨,东风,1级,15.5,5
2018-09-27,18,12,小雨,南风,1级,15.0,6
2018-09-28,23,13,晴,西南风,1级,18.0,10
2018-09-29,24,12,多云,南风,1级,18.0,12
2018-09-30,22,11,阴,东风,1级,16.5,11
2018-08-01,27,21,中雨,西北风,1级,24.0,6
2018-08-02,25,22,中雨,北风,1级,23.5,3
2018-08-03,28,22,小雨,东风,1级,25.0,6
2018-08-04,30,21,阵雨,东北风,2级,25.5,9
2018-08-05,33,22,多云,东北风,1级,27.5,11
2018-08-06,32,22,雷阵雨,西南风,1级,27.0,10
2018-08-07,32,22,阵雨,南风,1级,27.0,10
2018-08-08,31,21,阵雨,西南风,1级,26.0,10
2018-08-09,29,21,阵雨,南风,1级,25.0,8
2018-08-10,30,21,多云,南风,1级,25.5,9
2018-08-11,31,21,阵雨,南风,1级,26.0,10
2018-08-12,31,21,多云,南风,1级,26.0,10
2018-08-13,32,21,晴,南风,1级,26.5,11
2018-08-14,34,22,多云,西南风,1级,28.0,12
2018-08-15,35,21,晴,南风,1级,28.0,14
2018-08-16,33,21,阵雨,南风,1级,27.0,12
2018-08-17,33,20,多云,东北风,1级,26.5,13
2018-08-18,30,20,晴,西南风,微风,25.0,10
2018-08-19,32,21,多云,西南风,1级,26.5,11
2018-08-20,32,22,多云,西南风,1级,27.0,10
2018-08-21,31,19,阵雨,东风,2级,25.0,12
2018-08-22,33,18,晴,西南风,1级,25.5,15
2018-08-23,31,20,晴,北风,1级,25.5,11
2018-08-24,28,20,多云,北风,1级,24.0,8
2018-08-25,25,21,小雨,北风,1级,23.0,4
2018-08-26,27,20,晴,北风,1级,23.5,7
2018-08-27,27,20,阵雨,西北风,1级,23.5,7
2018-08-28,30,21,多云,西北风,1级,25.5,9
2018-08-29,32,21,多云,西北风,1级,26.5,11
2018-08-30,31,21,阵雨,西北风,微风,26.0,10
2018-08-31,30,22,多云,南风,1级,26.0,8
2018-07-01,28,21,中雨,东南风,微风,24.5,7
2018-07-02,24,20,大雨,西北风,2级,22.0,4
2018-07-03,24,19,中雨,北风,1级,21.5,5
2018-07-04,27,20,小雨,西风,1级,23.5,7
2018-07-05,30,21,多云,北风,1级,25.5,9
2018-07-06,28,21,阴,南风,1级,24.5,7
2018-07-07,30,22,多云,南风,1级,26.0,8
2018-07-08,27,19,小雨,西南风,1级,23.0,8
2018-07-09,23,19,大雨,西北风,1级,21.0,4
2018-07-10,24,19,暴雨,东风,1级,21.5,5
2018-07-11,21,16,小雨,西北风,1级,18.5,5
2018-07-12,27,18,中雨,北风,1级,22.5,9
2018-07-13,25,20,阵雨,西风,微风,22.5,5
2018-07-14,27,21,中雨,东风,微风,24.0,6
2018-07-15,28,21,中雨,南风,1级,24.5,7
2018-07-16,25,21,中雨,南风,微风,23.0,4
2018-07-17,27,22,阵雨,西北风,微风,24.5,5
2018-07-18,30,21,中雨,东风,1级,25.5,9
2018-07-19,30,22,小雨,西风,1级,26.0,8
2018-07-20,30,23,多云,北风,1级,26.5,7
2018-07-21,32,22,阵雨,东北风,1级,27.0,10
2018-07-22,31,22,阵雨,西北风,1级,26.5,9
2018-07-23,31,22,阵雨,东北风,1级,26.5,9
2018-07-24,33,21,多云,东风,1级,27.0,12
2018-07-25,31,22,阵雨,南风,1级,26.5,9
2018-07-26,29,21,中雨,东北风,1级,25.0,8
2018-07-27,28,22,中雨,东北风,1级,25.0,6
2018-07-28,28,22,阵雨,西北风,1级,25.0,6
2018-07-29,29,22,阵雨,北风,1级,25.5,7
2018-07-30,28,21,小雨,北风,1级,24.5,7
2018-07-31,28,21,阵雨,东北风,1级,24.5,7
2018-06-01,20,15,小雨,西南风,1级,17.5,5
2018-06-02,26,17,多云,西北风,1级,21.5,9
2018-06-03,23,14,小雨,西风,2级,18.5,9
2018-06-04,27,16,多云,北风,1级,21.5,11
2018-06-05,31,15,晴,北风,1级,23.0,16
2018-06-06,32,17,多云,西北风,1级,24.5,15
2018-06-07,30,13,多云,东北风,2级,21.5,17
2018-06-08,28,14,多云,东北风,2级,21.0,14
2018-06-09,28,14,多云,北风,1级,21.0,14
2018-06-10,29,16,晴,南风,2级,22.5,13
2018-06-11,26,17,阵雨,北风,微风,21.5,9
2018-06-12,31,17,多云,北风,1级,24.0,14
2018-06-13,32,19,多云,北风,1级,25.5,13
2018-06-14,31,17,阴,北风,1级,24.0,14
2018-06-15,28,16,多云,南风,微风,22.0,12
2018-06-16,22,16,小雨,东北风,2级,19.0,6
2018-06-17,22,19,中雨,西南风,1级,20.5,3
2018-06-18,28,19,多云,北风,1级,23.5,9
2018-06-19,32,18,多云,北风,1级,25.0,14
2018-06-20,27,19,阵雨,南风,2级,23.0,8
2018-06-21,26,19,小雨,北风,1级,22.5,7
2018-06-22,29,20,阵雨,东风,2级,24.5,9
2018-06-23,29,21,中雨,南风,1级,25.0,8
2018-06-24,26,21,大雨,南风,1级,23.5,5
2018-06-25,24,21,暴雨,西北风,1级,22.5,3
2018-06-26,26,20,大雨,西北风,1级,23.0,6
2018-06-27,28,21,中雨,东北风,1级,24.5,7
2018-06-28,29,22,阵雨,南风,1级,25.5,7
2018-06-29,30,22,中雨,东南风,微风,26.0,8
2018-06-30,29,22,阵雨,东北风,2级,25.5,7
2018-05-01,28,14,多云,北风,1级,21.0,14
2018-05-02,27,13,多云,南风,1级,20.0,14
2018-05-03,23,14,小雨,西南风,1级,18.5,9
2018-05-04,21,14,小雨,东南风,1级,17.5,7
2018-05-05,24,13,多云,北风,2级,18.5,11
2018-05-06,26,12,多云,东北风,2级,19.0,14
2018-05-07,23,14,多云,东南风,1级,18.5,9
2018-05-08,20,12,小雨,东北风,1级,16.0,8
2018-05-09,15,12,小雨,西北风,1级,13.5,3
2018-05-10,15,13,中雨,南风,1级,14.0,2
2018-05-11,25,14,多云,北风,1级,19.5,11
2018-05-12,29,13,多云,东北风,1级,21.0,16
2018-05-13,29,14,晴,北风,1级,21.5,15
2018-05-14,29,15,多云,东北风,1级,22.0,14
2018-05-15,30,18,多云,北风,1级,24.0,12
2018-05-16,31,19,多云,北风,1级,25.0,12
2018-05-17,27,17,小雨,北风,1级,22.0,10
2018-05-18,24,17,小雨,北风,微风,20.5,7
2018-05-19,26,19,阵雨,北风,1级,22.5,7
2018-05-20,24,18,小雨,西北风,1级,21.0,6
2018-05-21,23,12,小雨,南风,1级,17.5,11
2018-05-22,25,12,多云,北风,2级,18.5,13
2018-05-23,21,13,多云,东风,1级,17.0,8
2018-05-24,23,16,多云,东北风,1级,19.5,7
2018-05-25,30,14,多云,东南风,1级,22.0,16
2018-05-26,23,15,阴,北风,1级,19.0,8
2018-05-27,27,14,多云,北风,1级,20.5,13
2018-05-28,28,16,多云,北风,1级,22.0,12
2018-05-29,26,16,多云,北风,1级,21.0,10
2018-05-30,28,14,多云,东南风,1级,21.0,14
2018-05-31,25,12,多云,北风,1级,18.5,13
2018-04-01,27,9,晴,东北风,2级,18.0,18
2018-04-02,29,10,晴,西北风,2级,19.5,19
2018-04-03,28,12,多云,东风,微风,20.0,16
2018-04-04,27,7,阵雨,东风,1级,17.0,20
2018-04-05,20,0,多云,东北风,1级,10.0,20
2018-04-06,14,5,多云,东南风,1级,9.5,9
2018-04-07,19,6,晴,北风,1级,12.5,13
2018-04-08,22,8,晴,东风,1级,15.0,14
2018-04-09,26,9,晴,南风,1级,17.5,17
2018-04-10,26,12,多云,东北风,1级,19.0,14
2018-04-11,26,14,多云,北风,2级,20.0,12
2018-04-12,19,9,小雨,西北风,1级,14.0,10
2018-04-13,15,6,小雨,东南风,2级,10.5,9
2018-04-14,19,8,多云,东南风,微风,13.5,11
2018-04-15,19,6,多云,北风,1级,12.5,13
2018-04-16,23,8,晴,北风,1级,15.5,15
2018-04-17,25,9,多云,西北风,1级,17.0,16
2018-04-18,27,11,多云,西南风,2级,19.0,16
2018-04-19,23,14,小雨,东风,2级,18.5,9
2018-04-20,23,15,小雨,北风,1级,19.0,8
2018-04-21,26,15,多云,西南风,1级,20.5,11
2018-04-22,28,15,多云,北风,1级,21.5,13
2018-04-23,22,13,小雨,东北风,1级,17.5,9
2018-04-24,16,12,小雨,东北风,1级,14.0,4
2018-04-25,21,11,阵雨,北风,1级,16.0,10
2018-04-26,23,12,小雨,西南风,1级,17.5,11
2018-04-27,26,13,多云,东风,2级,19.5,13
2018-04-28,23,12,多云,北风,1级,17.5,11
2018-04-29,29,13,晴,北风,1级,21.0,16
2018-04-30,26,15,多云,东北风,2级,20.5,11
2018-03-01,22,6,多云,东风,1级,14.0,16
2018-03-02,18,7,小雨,东风,1级,12.5,11
2018-03-03,18,7,小雨,东风,1级,12.5,11
2018-03-04,18,5,阵雨,西北风,2级,11.5,13
2018-03-05,11,6,小雨,北风,2级,8.5,5
2018-03-06,8,4,小雨,北风,2级,6.0,4
2018-03-07,16,4,多云,北风,1级,10.0,12
2018-03-08,17,5,多云,东南风,微风,11.0,12
2018-03-09,18,5,晴,东风,2级,11.5,13
2018-03-10,16,7,阴,东风,1级,11.5,9
2018-03-11,21,4,晴,东南风,3级,12.5,17
2018-03-12,20,6,多云,东风,1级,13.0,14
2018-03-13,21,6,多云,东北风,1级,13.5,15
2018-03-14,25,6,晴,东风,2级,15.5,19
2018-03-15,24,8,多云,东北风,1级,16.0,16
2018-03-16,14,8,小雨,东北风,2级,11.0,6
2018-03-17,11,5,小雨,东北风,2级,8.0,6
2018-03-18,16,6,小雨,西北风,2级,11.0,10
2018-03-19,19,6,多云,北风,1级,12.5,13
2018-03-20,18,7,多云,东北风,1级,12.5,11
2018-03-21,18,8,多云,西风,1级,13.0,10
2018-03-22,22,6,多云,东北风,1级,14.0,16
2018-03-23,19,8,小雨,北风,1级,13.5,11
2018-03-24,20,9,阴,东南风,1级,14.5,11
2018-03-25,18,9,多云,东北风,1级,13.5,9
2018-03-26,23,9,多云,北风,2级,16.0,14
2018-03-27,23,9,多云,西风,1级,16.0,14
2018-03-28,25,7,晴,东北风,1级,16.0,18
2018-03-29,23,9,多云,东北风,1级,16.0,14
2018-03-30,20,10,小雨,北风,1级,15.0,10
2018-03-31,18,9,小雨,东北风,2级,13.5,9
2018-02-01,7,-2,多云,东北风,1级,2.5,9
2018-02-02,6,-3,多云,北风,2级,1.5,9
2018-02-03,7,-3,阴,东北风,1级,2.0,10
2018-02-04,5,-3,阴,东南风,1级,1.0,8
2018-02-05,8,-3,多云,西北风,1级,2.5,11
2018-02-06,7,-3,多云,东风,1级,2.0,10
2018-02-07,6,0,小雨,东风,1级,3.0,6
2018-02-08,5,-1,小雪,东北风,1级,2.0,6
2018-02-09,6,-3,雨夹雪,东风,3级,1.5,9
2018-02-10,7,-4,多云,东风,1级,1.5,11
2018-02-11,10,-2,晴,东风,1级,4.0,12
2018-02-12,11,-4,多云,东风,1级,3.5,15
2018-02-13,10,-3,多云,东南风,1级,3.5,13
2018-02-14,13,-1,多云,东风,1级,6.0,14
2018-02-15,16,2,多云,东风,2级,9.0,14
2018-02-16,14,0,多云,东北风,1级,7.0,14
2018-02-17,12,3,小雨,东北风,2级,7.5,9
2018-02-18,9,1,阴,东北风,2级,5.0,8
2018-02-19,14,0,多云,东南风,1级,7.0,14
2018-02-20,11,2,多云,东北风,3级,6.5,9
2018-02-21,11,0,多云,东北风,2级,5.5,11
2018-02-22,14,0,晴,北风,1级,7.0,14
2018-02-23,9,2,小雨,北风,微风,5.5,7
2018-02-24,16,1,多云,东风,2级,8.5,15
2018-02-25,17,3,多云,南风,1级,10.0,14
2018-02-26,12,6,小雨,东风,1级,9.0,6
2018-02-27,17,5,多云,东风,1级,11.0,12
2018-02-28,19,3,多云,东南风,微风,11.0,16
2018-01-01,11,0,多云,东北风,1级,5.5,11
2018-01-02,7,0,小雨,东北风,3级,3.5,7
2018-01-03,2,-1,小雨,东北风,1级,0.5,3
2018-01-04,4,-1,多云,北风,2级,1.5,5
2018-01-05,0,0,阴,东北风,2级,0.0,0
2018-01-06,1,-1,小雨,北风,2级,0.0,2
2018-01-07,4,-4,多云,东北风,3级,0.0,8
2018-01-08,7,-3,多云,东风,1级,2.0,10
2018-01-09,9,-5,晴,东风,1级,2.0,14
2018-01-10,11,-1,晴,东风,1级,5.0,12
2018-01-11,12,-1,晴,东风,1级,5.5,13
2018-01-12,8,-4,多云,东南风,微风,2.0,12
2018-01-13,5,1,阴,东北风,1级,3.0,4
2018-01-14,8,0,多云,东风,1级,4.0,8
2018-01-15,10,0,多云,北风,微风,5.0,10
2018-01-16,13,2,晴,东风,2级,7.5,11
2018-01-17,13,2,晴,东风,1级,7.5,11
2018-01-18,8,5,阴,西北风,1级,6.5,3
2018-01-19,11,2,多云,东南风,微风,6.5,9
2018-01-20,11,3,多云,东南风,1级,7.0,8
2018-01-21,12,5,多云,西北风,1级,8.5,7
2018-01-22,11,5,多云,东北风,1级,8.0,6
2018-01-23,7,4,阴,北风,2级,5.5,3
2018-01-24,3,1,小雨,西北风,1级,2.0,2
2018-01-25,7,-1,多云,东北风,3级,3.0,8
2018-01-26,0,-1,小雨,东北风,2级,-0.5,1
2018-01-27,5,-1,多云,东南风,1级,2.0,6
2018-01-28,4,-1,多云,东北风,3级,1.5,5
2018-01-29,5,-1,多云,东风,1级,2.0,6
2018-01-30,4,-4,小雪,东北风,2级,0.0,8
2018-01-31,6,-3,阴,东南风,1级,1.5,9
2017-12-01,10,2,阴,北风,2级,6.0,8
2017-12-02,9,3,阴,北风,1级,6.0,6
2017-12-03,12,3,晴,东风,1级,7.5,9
2017-12-04,10,0,小雨,东北风,1级,5.0,10
2017-12-05,12,0,多云,东风,1级,6.0,12
2017-12-06,10,2,小雨,东风,2级,6.0,8
2017-12-07,10,1,小雨,东北风,2级,5.5,9
2017-12-08,10,-1,多云,北风,1级,4.5,11
2017-12-09,11,-2,晴,西北风,1级,4.5,13
2017-12-10,11,1,晴,东风,1级,6.0,10
2017-12-11,11,-1,多云,东风,1级,5.0,12
2017-12-12,8,4,小雨,西北风,1级,6.0,4
2017-12-13,7,4,小雨,北风,2级,5.5,3
2017-12-14,5,1,小雨,西北风,1级,3.0,4
2017-12-15,11,0,多云,东北风,1级,5.5,11
2017-12-16,9,-1,晴,东风,1级,4.0,10
2017-12-17,9,-1,多云,东风,1级,4.0,10
2017-12-18,13,-1,晴,东风,1级,6.0,14
2017-12-19,12,0,晴,东风,1级,6.0,12
2017-12-20,12,-2,晴,东风,1级,5.0,14
2017-12-21,11,-3,多云,东风,1级,4.0,14
2017-12-22,12,-1,多云,东风,1级,5.5,13
2017-12-23,12,-2,晴,东风,1级,5.0,14
2017-12-24,12,-1,晴,东风,1级,5.5,13
2017-12-25,12,-1,多云,东风,1级,5.5,13
2017-12-26,13,1,多云,东风,1级,7.0,12
2017-12-27,11,0,晴,东风,1级,5.5,11
2017-12-28,10,0,多云,东风,1级,5.0,10
2017-12-29,12,0,多云,东北风,3级,6.0,12
2017-12-30,13,0,多云,东风,1级,6.5,13
2017-12-31,10,0,多云,北风,1级,5.0,10
2017-11-01,20,11,多云,南风,1级,15.5,9
2017-11-02,20,11,多云,北风,1级,15.5,9
2017-11-03,20,13,多云,东风,1级,16.5,7
2017-11-04,17,13,小雨,东北风,1级,15.0,4
2017-11-05,19,10,小雨,东北风,1级,14.5,9
2017-11-06,18,12,多云,东风,1级,15.0,6
2017-11-07,21,9,晴,北风,微风,15.0,12
2017-11-08,18,13,阴,北风,微风,15.5,5
2017-11-09,16,11,小雨,北风,2级,13.5,5
2017-11-10,16,7,多云,北风,2级,11.5,9
2017-11-11,15,8,多云,东北风,2级,11.5,7
2017-11-12,16,8,多云,东风,1级,12.0,8
2017-11-13,17,10,多云,东北风,1级,13.5,7
2017-11-14,14,10,阴,东北风,1级,12.0,4
2017-11-15,14,10,小雨,西北风,1级,12.0,4
2017-11-16,14,11,小雨,西北风,1级,12.5,3
2017-11-17,17,9,阴,东风,1级,13.0,8
2017-11-18,10,6,小雨,东北风,2级,8.0,4
2017-11-19,10,4,多云,东北风,2级,7.0,6
2017-11-20,13,6,多云,东风,1级,9.5,7
2017-11-21,10,4,小雨,北风,2级,7.0,6
2017-11-22,10,3,阴,北风,1级,6.5,7
2017-11-23,12,0,阴,北风,2级,6.0,12
2017-11-24,12,0,多云,东风,2级,6.0,12
2017-11-25,13,0,晴,东北风,1级,6.5,13
2017-11-26,12,3,多云,南风,1级,7.5,9
2017-11-27,8,2,阴,东风,1级,5.0,6
2017-11-28,15,4,多云,东北风,1级,9.5,11
2017-11-29,11,1,多云,北风,1级,6.0,10
2017-11-30,12,3,多云,东风,2级,7.5,9
2017-10-01,25,17,多云,西风,1级,21.0,8
2017-10-02,20,14,小雨,东风,1级,17.0,6
2017-10-03,17,12,小雨,北风,2级,14.5,5
2017-10-04,19,13,小雨,东北风,2级,16.0,6
2017-10-05,19,13,阴,北风,2级,16.0,6
2017-10-06,18,13,阴,北风,微风,15.5,5
2017-10-07,19,14,阴,北风,1级,16.5,5
2017-10-08,17,14,小雨,西北风,1级,15.5,3
2017-10-09,16,10,小雨,西北风,2级,13.0,6
2017-10-10,16,10,阴,东北风,1级,13.0,6
2017-10-11,14,12,中雨,北风,1级,13.0,2
2017-10-12,19,12,阴,西北风,1级,15.5,7
2017-10-13,14,12,小雨,西北风,1级,13.0,2
2017-10-14,14,12,小雨,东风,1级,13.0,2
2017-10-15,14,10,阴,东风,1级,12.0,4
2017-10-16,16,12,小雨,北风,2级,14.0,4
2017-10-17,13,10,阴,东北风,2级,11.5,3
2017-10-18,17,10,阴,东北风,1级,13.5,7
2017-10-19,21,11,多云,东北风,1级,16.0,10
2017-10-20,20,12,阴,东北风,1级,16.0,8
2017-10-21,20,12,小雨,北风,1级,16.0,8
2017-10-22,17,12,小雨,北风,微风,14.5,5
2017-10-23,18,12,小雨,北风,1级,15.0,6
2017-10-24,13,11,小雨,西北风,1级,12.0,2
2017-10-25,19,11,小雨,西北风,1级,15.0,8
2017-10-26,12,0,晴,无持续风向,小于3级,6.0,12
2017-10-27,12,0,小雨,无持续风向,小于3级,6.0,12
2017-10-28,12,0,小雨,无持续风向,小于3级,6.0,12
2017-10-29,11,0,小雨,无持续风向,小于3级,5.5,11
2017-10-30,12,10,小雨,西北风,1级,11.0,2
2017-10-31,12,10,小雨,北风,2级,11.0,2
2017-09-01,19,17,小雨,北风,2级,18.0,2
2017-09-02,26,17,阴,东风,1级,21.5,9
2017-09-03,21,16,小雨,北风,1级,18.5,5
2017-09-04,23,16,阴,北风,微风,19.5,7
2017-09-05,24,15,小雨,东北风,1级,19.5,9
2017-09-06,29,16,晴,北风,1级,22.5,13
2017-09-07,27,16,多云,西北风,1级,21.5,11
2017-09-08,25,17,阴,西南风,1级,21.0,8
2017-09-09,24,16,小雨,西北风,1级,20.0,8
2017-09-10,30,15,晴,北风,1级,22.5,15
2017-09-11,30,17,晴,西北风,1级,23.5,13
2017-09-12,29,16,阴,西风,1级,22.5,13
2017-09-13,24,17,中雨,东南风,1级,20.5,7
2017-09-14,21,18,小雨,西北风,1级,19.5,3
2017-09-15,20,17,小雨,西北风,2级,18.5,3
2017-09-16,23,19,小雨,东南风,1级,21.0,4
2017-09-17,23,18,小雨,北风,2级,20.5,5
2017-09-18,24,18,小雨,北风,微风,21.0,6
2017-09-19,24,15,阴,南风,1级,19.5,9
2017-09-20,27,15,多云,东南风,2级,21.0,12
2017-09-21,27,16,多云,北风,1级,21.5,11
2017-09-22,22,16,小雨,东南风,1级,19.0,6
2017-09-23,22,17,小雨,东南风,1级,19.5,5
2017-09-24,23,18,阴,西风,1级,20.5,5
2017-09-25,24,18,晴,西南风,1级,21.0,6
2017-09-26,23,17,小雨,南风,2级,20.0,6
2017-09-27,23,13,阵雨,北风,2级,18.0,10
2017-09-28,26,14,多云,西北风,1级,20.0,12
2017-09-29,22,17,小雨,北风,1级,19.5,5
2017-09-30,21,16,小雨,北风,1级,18.5,5
2017-08-01,32,22,多云,南风,1级,27.0,10
2017-08-02,34,22,阵雨,东北风,2级,28.0,12
2017-08-03,34,23,多云,南风,2级,28.5,11
2017-08-04,33,23,小雨,南风,2级,28.0,10
2017-08-05,29,23,晴,北风,1级,26.0,6
2017-08-06,27,22,小雨,东风,1级,24.5,5
2017-08-07,30,19,大雨,东北风,1级,24.5,11
2017-08-08,34,20,晴,北风,1级,27.0,14
2017-08-09,35,20,多云,西南风,2级,27.5,15
2017-08-10,33,20,多云,北风,1级,26.5,13
2017-08-11,29,18,小雨,南风,1级,23.5,11
2017-08-12,31,19,多云,东风,2级,25.0,12
2017-08-13,33,20,多云,北风,1级,26.5,13
2017-08-14,31,20,小雨,北风,1级,25.5,11
2017-08-15,30,21,小雨,东南风,2级,25.5,9
2017-08-16,31,21,阴,南风,1级,26.0,10
2017-08-17,27,21,中雨,东风,1级,24.0,6
2017-08-18,27,21,大雨,南风,1级,24.0,6
2017-08-19,30,22,小雨,西北风,1级,26.0,8
2017-08-20,29,21,大雨,北风,微风,25.0,8
2017-08-21,26,21,小雨,西南风,1级,23.5,5
2017-08-22,29,20,小雨,东北风,3级,24.5,9
2017-08-23,31,20,多云,北风,1级,25.5,11
2017-08-24,29,20,小雨,北风,1级,24.5,9
2017-08-25,24,19,中雨,东风,1级,21.5,5
2017-08-26,23,20,中雨,东风,2级,21.5,3
2017-08-27,27,20,小雨,东北风,1级,23.5,7
2017-08-28,27,19,小雨,西南风,1级,23.0,8
2017-08-29,23,18,小雨,东北风,2级,20.5,5
2017-08-30,21,17,小雨,东北风,1级,19.0,4
2017-08-31,25,17,小雨,北风,微风,21.0,8
2017-07-01,32,21,多云,北风,1级,26.5,11
2017-07-02,32,20,小雨,南风,1级,26.0,12
2017-07-03,35,21,多云,南风,2级,28.0,14
2017-07-04,31,19,小雨,东南风,2级,25.0,12
2017-07-05,21,19,暴雨,北风,1级,20.0,2
2017-07-06,31,19,阵雨,东北风,2级,25.0,12
2017-07-07,32,21,多云,东北风,2级,26.5,11
2017-07-08,32,19,多云,东北风,2级,25.5,13
2017-07-09,34,19,阴,东北风,2级,26.5,15
2017-07-10,34,22,多云,南风,1级,28.0,12
2017-07-11,34,20,多云,西北风,1级,27.0,14
2017-07-12,33,19,多云,东南风,1级,26.0,14
2017-07-13,30,20,小雨,北风,1级,25.0,10
2017-07-14,31,20,小雨,北风,1级,25.5,11
2017-07-15,33,21,多云,西北风,1级,27.0,12
2017-07-16,31,21,中雨,北风,1级,26.0,10
2017-07-17,30,21,小雨,东风,2级,25.5,9
2017-07-18,29,22,小雨,南风,2级,25.5,7
2017-07-19,30,22,阴,东风,2级,26.0,8
2017-07-20,32,22,小雨,北风,1级,27.0,10
2017-07-21,31,22,小雨,东风,2级,26.5,9
2017-07-22,31,21,小雨,西风,1级,26.0,10
2017-07-23,31,21,阵雨,东风,1级,26.0,10
2017-07-24,32,22,阵雨,南风,1级,27.0,10
2017-07-25,30,21,小雨,西南风,2级,25.5,9
2017-07-26,31,21,小雨,南风,2级,26.0,10
2017-07-27,33,22,小雨,东北风,1级,27.5,11
2017-07-28,31,22,小雨,东风,2级,26.5,9
2017-07-29,30,21,晴,西南风,1级,25.5,9
2017-07-30,32,22,阵雨,西北风,1级,27.0,10
2017-07-31,31,21,小雨,东风,2级,26.0,10
2017-06-01,29,16,小雨,东风,1级,22.5,13
2017-06-02,28,17,小雨,东北风,2级,22.5,11
2017-06-03,26,17,小雨,南风,1级,21.5,9
2017-06-04,22,15,小雨,北风,2级,18.5,7
2017-06-05,28,15,小雨,西北风,3级,21.5,13
2017-06-06,29,16,多云,西北风,3级,22.5,13
2017-06-07,29,16,多云,南风,1级,22.5,13
2017-06-08,25,17,小雨,东风,2级,21.0,8
2017-06-09,26,16,小雨,东风,3级,21.0,10
2017-06-10,29,17,阴,东北风,1级,23.0,12
2017-06-11,27,18,阴,北风,3级,22.5,9
2017-06-12,29,18,阴,东风,3级,23.5,11
2017-06-13,25,17,小雨,东风,1级,21.0,8
2017-06-14,19,15,大雨,北风,3级,17.0,4
2017-06-15,24,16,阴,西风,2级,20.0,8
2017-06-16,29,17,多云,西南风,2级,23.0,12
2017-06-17,28,17,阴,东南风,1级,22.5,11
2017-06-18,29,18,多云,南风,1级,23.5,11
2017-06-19,29,19,多云,南风,2级,24.0,10
2017-06-20,29,19,多云,北风,1级,24.0,10
2017-06-21,29,19,阴,东风,2级,24.0,10
2017-06-22,29,18,多云,西风,1级,23.5,11
2017-06-23,29,19,多云,西北风,2级,24.0,10
2017-06-24,29,18,多云,西南风,2级,23.5,11
2017-06-25,29,16,多云,北风,1级,22.5,13
2017-06-26,29,17,多云,南风,3级,23.0,12
2017-06-27,29,18,多云,东风,3级,23.5,11
2017-06-28,29,19,阴,北风,1级,24.0,10
2017-06-29,28,18,中雨,南风,1级,23.0,10
2017-06-30,29,16,小雨,东风,2级,22.5,13
2017-05-01,28,12,多云,东南风,5级,20.0,16
2017-05-02,20,15,中雨,东南风,5级,17.5,5
2017-05-03,24,12,阴,东南风,5级,18.0,12
2017-05-04,23,12,阴,东南风,5级,17.5,11
2017-05-05,17,9,小雨,东南风,5级,13.0,8
2017-05-06,21,11,多云,东南风,5级,16.0,10
2017-05-07,22,11,阴,东南风,5级,16.5,11
2017-05-08,26,12,晴,西南风,2级,19.0,14
2017-05-09,27,13,多云,北风,1级,20.0,14
2017-05-10,25,14,多云,北风,2级,19.5,11
2017-05-11,30,11,多云,北风,1级,20.5,19
2017-05-12,30,13,晴,北风,2级,21.5,17
2017-05-13,30,14,多云,北风,1级,22.0,16
2017-05-14,28,14,多云,北风,2级,21.0,14
2017-05-15,27,13,多云,西南风,3级,20.0,14
2017-05-16,28,13,晴,北风,2级,20.5,15
2017-05-17,27,14,阴,西北风,1级,20.5,13
2017-05-18,25,15,小雨,东风,3级,20.0,10
2017-05-19,29,17,晴,北风,2级,23.0,12
2017-05-20,23,17,小雨,西北风,1级,20.0,6
2017-05-21,21,18,中雨,西南风,1级,19.5,3
2017-05-22,22,13,中雨,东风,5级,17.5,9
2017-05-23,29,15,多云,东北风,1级,22.0,14
2017-05-24,26,13,阴,北风,1级,19.5,13
2017-05-25,28,12,阴,西风,4级,20.0,16
2017-05-26,30,15,多云,西南风,1级,22.5,15
2017-05-27,31,15,晴,西北风,1级,23.0,16
2017-05-28,30,17,多云,南风,1级,23.5,13
2017-05-29,23,17,阵雨,东北风,2级,20.0,6
2017-05-30,30,17,多云,南风,1级,23.5,13
2017-05-31,27,18,小雨,东风,2级,22.5,9
2017-04-01,19,8,多云,西南风,2级,13.5,11
2017-04-02,18,11,阴,北风,2级,14.5,7
2017-04-03,14,10,阴,东北风,2级,12.0,4
2017-04-04,21,12,多云,北风,2级,16.5,9
2017-04-05,21,11,多云,西北风,1级,16.0,10
2017-04-06,21,12,多云,东风,2级,16.5,9
2017-04-07,19,14,小雨,北风,2级,16.5,5
2017-04-08,21,12,阴,东北风,3级,16.5,9
2017-04-09,19,10,阴,东北风,2级,14.5,9
2017-04-10,23,11,多云,东风,4级,17.0,12
2017-04-11,19,8,阴,东北风,2级,13.5,11
2017-04-12,22,7,多云,东风,2级,14.5,15
2017-04-13,23,9,晴,东北风,2级,16.0,14
2017-04-14,25,10,晴,东北风,3级,17.5,15
2017-04-15,24,10,小雨,北风,3级,17.0,14
2017-04-16,21,9,多云,东风,3级,15.0,12
2017-04-17,26,11,晴,南风,4级,18.5,15
2017-04-18,27,10,晴,南风,2级,18.5,17
2017-04-19,24,10,多云,东北风,5级,17.0,14
2017-04-20,23,12,阴,南风,1级,17.5,11
2017-04-21,22,9,多云,北风,2级,15.5,13
2017-04-22,23,12,晴,南风,2级,17.5,11
2017-04-23,26,11,多云,北风,2级,18.5,15
2017-04-24,21,13,小雨,东南风,1级,17.0,8
2017-04-25,23,13,阴,东南风,5级,18.0,10
2017-04-26,17,11,小雨,东南风,5级,14.0,6
2017-04-27,24,10,多云,东南风,5级,17.0,14
2017-04-28,24,10,多云,东南风,5级,17.0,14
2017-04-29,25,11,多云,东南风,5级,18.0,14
2017-04-30,27,11,多云,东南风,5级,19.0,16
2017-03-01,17,4,晴,东北风,2级,10.5,13
2017-03-02,12,3,阴,东风,1级,7.5,9
2017-03-03,15,4,阴,东北风,1级,9.5,11
2017-03-06,11,3,阴,东南风,1级,7.0,8
2017-03-07,13,3,多云,西北风,1级,8.0,10
2017-03-08,13,2,阴,西南风,2级,7.5,11
2017-03-09,11,5,阴,南风,1级,8.0,6
2017-03-10,10,6,小雨,北风,1级,8.0,4
2017-03-11,11,6,小雨,北风,1级,8.5,5
2017-03-12,7,4,小雨,北风,2级,5.5,3
2017-03-13,9,6,阴,东风,3级,7.5,3
2017-03-14,11,3,阴,东北风,1级,7.0,8
2017-03-15,10,3,小雨,西北风,2级,6.5,7
2017-03-16,11,4,多云,东风,1级,7.5,7
2017-03-17,15,6,阴,西北风,1级,10.5,9
2017-03-18,13,5,小雨,西南风,1级,9.0,8
2017-03-19,10,5,小雨,东风,1级,7.5,5
2017-03-20,18,7,多云,西北风,1级,12.5,11
2017-03-21,12,7,小雨,东北风,1级,9.5,5
2017-03-22,12,6,阴,东北风,2级,9.0,6
2017-03-23,15,8,小雨,北风,2级,11.5,7
2017-03-24,13,5,阴,东风,2级,9.0,8
2017-03-25,16,4,多云,东风,2级,10.0,12
2017-03-26,19,5,多云,东风,3级,12.0,14
2017-03-27,19,4,多云,西北风,2级,11.5,15
2017-03-28,20,8,多云,东风,2级,14.0,12
2017-03-29,17,10,小雨,东北风,2级,13.5,7
2017-03-30,20,8,多云,东北风,3级,14.0,12
2017-03-31,20,8,多云,东南风,2级,14.0,12
2017-02-01,8,1,阴,东北风,2级,4.5,7
2017-02-02,6,0,小雨,东风,1级,3.0,6
2017-02-03,7,0,多云,北风,1级,3.5,7
2017-02-04,10,3,多云,北风,1级,6.5,7
2017-02-05,11,3,多云,东北风,1级,7.0,8
2017-02-06,11,5,小雨,东风,3级,8.0,6
2017-02-07,7,0,阴,北风,1级,3.5,7
2017-02-08,10,0,多云,北风,1级,5.0,10
2017-02-09,10,-2,多云,东风,2级,4.0,12
2017-02-10,7,-1,阴,北风,1级,3.0,8
2017-02-11,11,0,多云,南风,2级,5.5,11
2017-02-12,11,0,多云,南风,1级,5.5,11
2017-02-13,10,2,阴,东风,1级,6.0,8
2017-02-14,13,1,阴,东北风,1级,7.0,12
2017-02-15,12,3,阴,西南风,2级,7.5,9
2017-02-16,15,4,多云,东风,2级,9.5,11
2017-02-17,16,2,晴,东风,1级,9.0,14
2017-02-18,14,3,阴,北风,1级,8.5,11
2017-02-19,16,1,多云,西北风,1级,8.5,15
2017-02-20,13,3,小雨,东南风,1级,8.0,10
2017-02-21,8,1,小雨,东风,4级,4.5,7
2017-02-22,11,2,阴,东北风,2级,6.5,9
2017-02-23,8,0,阴,北风,1级,4.0,8
2017-02-24,9,1,多云,南风,1级,5.0,8
2017-02-25,12,0,多云,西北风,1级,6.0,12
2017-02-26,11,2,阴,北风,微风,6.5,9
2017-02-27,11,2,阴,西南风,2级,6.5,9
2017-02-28,13,4,多云,东北风,1级,8.5,9
2017-01-01,10,3,阴,北风,1级,6.5,7
2017-01-02,12,0,晴,北风,微风,6.0,12
2017-01-03,9,2,阴,东北风,1级,5.5,7
2017-01-04,10,2,阴,北风,1级,6.0,8
2017-01-05,12,5,多云,北风,2级,8.5,7
2017-01-06,8,2,小雨,北风,1级,5.0,6
2017-01-07,10,1,多云,东风,1级,5.5,9
2017-01-08,10,1,阴,东风,1级,5.5,9
2017-01-09,6,2,小雨,西北风,2级,4.0,4
2017-01-10,5,0,小雨,东北风,2级,2.5,5
2017-01-11,8,0,阴,东北风,1级,4.0,8
2017-01-12,10,-4,晴,东北风,1级,3.0,14
2017-01-13,10,-4,多云,东南风,1级,3.0,14
2017-01-14,8,-3,多云,北风,2级,2.5,11
2017-01-15,6,0,多云,西北风,1级,3.0,6
2017-01-16,6,0,小雨,东北风,1级,3.0,6
2017-01-17,5,0,阴,东风,2级,2.5,5
2017-01-18,6,1,阴,西北风,1级,3.5,5
2017-01-19,7,-1,多云,东北风,1级,3.0,8
2017-01-20,7,-1,阴,北风,2级,3.0,8
2017-01-21,9,-2,多云,东风,1级,3.5,11
2017-01-22,10,-2,多云,东风,1级,4.0,12
2017-01-23,9,-1,阴,西北风,1级,4.0,10
2017-01-24,9,2,阴,东风,1级,5.5,7
2017-01-25,10,3,阴,东风,1级,6.5,7
2017-01-26,12,2,阴,东风,1级,7.0,10
2017-01-27,11,0,多云,南风,2级,5.5,11
2017-01-28,12,0,阴,西风,1级,6.0,12
2017-01-29,11,3,晴,北风,1级,7.0,8
2017-01-30,9,1,阴,东北风,1级,5.0,8
2017-01-31,6,2,阴,西北风,1级,4.0,4
2016-12-01,13,3,多云,北风,微风,8.0,10
2016-12-02,9,3,小雨,西南风,1级,6.0,6
2016-12-03,11,5,多云,东北风,1级,8.0,6
2016-12-04,13,1,阴,北风,1级,7.0,12
2016-12-05,13,1,晴,东风,1级,7.0,12
2016-12-06,12,0,晴,东风,1级,6.0,12
2016-12-07,16,1,晴,东风,1级,8.5,15
2016-12-08,14,2,晴,东风,1级,8.0,12
2016-12-09,11,2,多云,东风,1级,6.5,9
2016-12-10,11,1,阴,东北风,2级,6.0,10
2016-12-11,8,6,小雨,东北风,2级,7.0,2
2016-12-12,11,5,阴,北风,微风,8.0,6
2016-12-13,10,5,阴,东风,1级,7.5,5
2016-12-14,13,3,多云,东风,1级,8.0,10
2016-12-15,13,0,多云,东风,1级,6.5,13
2016-12-16,9,-1,阴,南风,1级,4.0,10
2016-12-17,11,6,阴,东风,1级,8.5,5
2016-12-18,11,2,多云,北风,1级,6.5,9
2016-12-19,10,5,阴,东风,1级,7.5,5
2016-12-20,10,5,阴,北风,微风,7.5,5
2016-12-21,12,1,多云,北风,1级,6.5,11
2016-12-22,13,1,多云,东北风,1级,7.0,12
2016-12-23,9,2,阴,北风,1级,5.5,7
2016-12-24,6,3,小雨,北风,微风,4.5,3
2016-12-25,8,0,小雨,北风,2级,4.0,8
2016-12-26,12,0,晴,北风,微风,6.0,12
2016-12-27,8,0,多云,东风,1级,4.0,8
2016-12-28,12,0,晴,南风,1级,6.0,12
2016-12-29,8,0,晴,东南风,1级,4.0,8
2016-12-30,8,-1,阴,北风,1级,3.5,9
2016-12-31,10,1,阴,西南风,1级,5.5,9
2016-11-01,15,9,阴,东风,1级,12.0,6
2016-11-02,16,6,多云,北风,1级,11.0,10
2016-11-03,17,9,阴,东风,1级,13.0,8
2016-11-04,18,10,多云,西北风,1级,14.0,8
2016-11-05,18,10,多云,南风,1级,14.0,8
2016-11-06,16,10,小雨,北风,2级,13.0,6
2016-11-07,16,6,阴,北风,微风,11.0,10
2016-11-08,13,7,阴,东北风,1级,10.0,6
2016-11-09,12,5,阴,西风,1级,8.5,7
2016-11-10,11,7,阴,东南风,1级,9.0,4
2016-11-11,11,5,阴,北风,1级,8.0,6
2016-11-12,7,0,阴,无持续风向,小于3级,3.5,7
2016-11-13,16,8,多云,东北风,1级,12.0,8
2016-11-14,19,9,多云,东风,1级,14.0,10
2016-11-15,14,8,小雨,南风,1级,11.0,6
2016-11-16,15,9,阴,东风,1级,12.0,6
2016-11-17,16,10,阴,北风,1级,13.0,6
2016-11-18,18,10,多云,南风,1级,14.0,8
2016-11-19,17,5,多云,北风,1级,11.0,12
2016-11-20,18,5,多云,东北风,1级,11.5,13
2016-11-21,13,7,小雨,东北风,2级,10.0,6
2016-11-22,6,3,阴,东北风,3级,4.5,3
2016-11-23,9,2,阴,西北风,2级,5.5,7
2016-11-24,5,1,阴,东北风,1级,3.0,4
2016-11-25,9,-1,多云,西风,1级,4.0,10
2016-11-26,13,0,晴,东风,1级,6.5,13
2016-11-27,11,0,多云,东南风,1级,5.5,11
2016-11-28,9,4,阴,西风,1级,6.5,5
2016-11-29,11,1,多云,西北风,1级,6.0,10
2016-11-30,13,2,晴,东风,1级,7.5,11
2016-10-01,28,15,多云,西北风,1级,21.5,13
2016-10-02,30,16,晴,西南风,1级,23.0,14
2016-10-03,28,17,多云,东风,1级,22.5,11
2016-10-04,21,16,阵雨,东风,3级,18.5,5
2016-10-05,18,14,阴,北风,1级,16.0,4
2016-10-06,19,15,阴,西北风,1级,17.0,4
2016-10-07,18,13,小雨,西风,1级,15.5,5
2016-10-08,19,12,阴,东南风,1级,15.5,7
2016-10-09,16,13,小雨,西北风,2级,14.5,3
2016-10-10,14,12,小雨,东北风,2级,13.0,2
2016-10-11,16,11,小雨,北风,1级,13.5,5
2016-10-12,15,12,阴,北风,1级,13.5,3
2016-10-13,16,13,阴,西北风,1级,14.5,3
2016-10-14,15,12,小雨,西北风,1级,13.5,3
2016-10-15,19,13,阴,东风,1级,16.0,6
2016-10-16,23,13,多云,西风,1级,18.0,10
2016-10-17,22,12,多云,东风,1级,17.0,10
2016-10-18,20,14,阴,东风,1级,17.0,6
2016-10-19,21,14,多云,南风,1级,17.5,7
2016-10-20,18,15,阴,东南风,1级,16.5,3
2016-10-21,20,15,阵雨,北风,1级,17.5,5
2016-10-22,19,15,小雨,西北风,1级,17.0,4
2016-10-23,18,13,小雨,北风,1级,15.5,5
2016-10-24,17,13,阴,东风,1级,15.0,4
2016-10-25,15,12,阴,北风,1级,13.5,3
2016-10-26,17,11,阴,东北风,3级,14.0,6
2016-10-27,16,9,阴,北风,2级,12.5,7
2016-10-28,13,6,阴,北风,2级,9.5,7
2016-10-29,15,8,多云,东北风,2级,11.5,7
2016-10-30,11,7,阴,北风,1级,9.0,4
2016-10-31,19,8,晴,北风,微风,13.5,11
2016-09-01,29,17,晴,北风,1级,23.0,12
2016-09-02,27,19,阴,南风,1级,23.0,8
2016-09-03,26,17,阵雨,东风,2级,21.5,9
2016-09-04,27,18,多云,北风,1级,22.5,9
2016-09-05,22,17,小雨,南风,1级,19.5,5
2016-09-06,28,16,多云,北风,1级,22.0,12
2016-09-07,27,16,多云,北风,微风,21.5,11
2016-09-08,26,17,阵雨,西北风,1级,21.5,9
2016-09-09,29,15,多云,西北风,1级,22.0,14
2016-09-10,30,15,多云,西南风,1级,22.5,15
2016-09-11,29,16,多云,北风,1级,22.5,13
2016-09-12,26,17,小雨,北风,1级,21.5,9
2016-09-13,26,17,多云,南风,1级,21.5,9
2016-09-14,19,16,中雨,北风,1级,17.5,3
2016-09-15,26,16,多云,北风,1级,21.0,10
2016-09-16,24,17,阴,北风,2级,20.5,7
2016-09-17,21,17,小雨,北风,微风,19.0,4
2016-09-18,19,16,大雨,北风,1级,17.5,3
2016-09-19,19,16,小雨,西北风,1级,17.5,3
2016-09-20,19,16,小雨,西北风,1级,17.5,3
2016-09-21,24,15,多云,西北风,1级,19.5,9
2016-09-22,22,15,多云,东风,1级,18.5,7
2016-09-23,22,17,小雨,北风,微风,19.5,5
2016-09-24,22,16,小雨,东北风,1级,19.0,6
2016-09-25,22,16,阴,南风,1级,19.0,6
2016-09-26,22,16,小雨,北风,1级,19.0,6
2016-09-27,26,15,多云,东北风,1级,20.5,11
2016-09-28,26,15,多云,北风,1级,20.5,11
2016-09-29,23,14,多云,东北风,1级,18.5,9
2016-09-30,26,16,晴,东北风,1级,21.0,10
2016-08-01,30,21,阵雨,微风,小于3级,25.5,9
2016-08-02,30,21,阵雨,微风,小于3级,25.5,9
2016-08-03,28,21,小雨,西北风,1级,24.5,7
2016-08-04,26,20,阵雨,东南风,1级,23.0,6
2016-08-05,30,21,阵雨,北风,1级,25.5,9
2016-08-06,31,22,阵雨,北风,1级,26.5,9
2016-08-07,32,20,阵雨,西北风,1级,26.0,12
2016-08-08,31,21,多云,南风,1级,26.0,10
2016-08-09,29,21,阵雨,西北风,1级,25.0,8
2016-08-10,30,21,阵雨,西风,1级,25.5,9
2016-08-11,30,22,阵雨,东风,3级,26.0,8
2016-08-12,30,22,多云,西北风,2级,26.0,8
2016-08-13,31,22,小雨,北风,1级,26.5,9
2016-08-14,33,22,晴,北风,1级,27.5,11
2016-08-15,32,22,多云,西风,1级,27.0,10
2016-08-16,33,22,阵雨,北风,1级,27.5,11
2016-08-17,33,23,多云,西南风,1级,28.0,10
2016-08-18,32,22,多云,西北风,1级,27.0,10
2016-08-19,33,23,晴,南风,1级,28.0,10
2016-08-20,34,23,晴,西南风,1级,28.5,11
2016-08-21,34,24,多云,西北风,1级,29.0,10
2016-08-22,33,23,阵雨,东风,1级,28.0,10
2016-08-23,27,22,阵雨,北风,1级,24.5,5
2016-08-24,30,23,多云,西北风,1级,26.5,7
2016-08-25,31,20,阵雨,北风,1级,25.5,11
2016-08-26,28,18,多云,西南风,1级,23.0,10
2016-08-27,28,17,多云,西北风,1级,22.5,11
2016-08-28,26,18,阴,东北风,1级,22.0,8
2016-08-29,23,18,小雨,西北风,1级,20.5,5
2016-08-30,24,19,阴,北风,1级,21.5,5
2016-08-31,27,17,阴,北风,1级,22.0,10
2016-07-01,33,18,多云,微风,小于3级,25.5,15
2016-07-02,33,20,阴~小雨,微风,小于3级,26.5,13
2016-07-03,30,19,阵雨~多云,微风,小于3级,24.5,11
2016-07-04,30,20,多云~阵雨,微风,小于3级,25.0,10
2016-07-05,27,21,阵雨~中雨,微风,小于3级,24.0,6
2016-07-06,24,20,中雨,微风,小于3级,22.0,4
2016-07-07,23,20,中雨~大雨,微风,小于3级,21.5,3
2016-07-08,23,21,中雨~阵雨,微风,小于3级,22.0,2
2016-07-09,25,22,小雨~阵雨,微风,小于3级,23.5,3
2016-07-10,29,21,小到中雨~小雨,微风,小于3级,25.0,8
2016-07-11,31,22,阵雨~阴,微风,小于3级,26.5,9
2016-07-12,33,21,多云~小雨,微风,小于3级,27.0,12
2016-07-13,28,19,阵雨~中雨,微风,小于3级,23.5,9
2016-07-14,28,19,阵雨转晴,微风,小于3级,23.5,9
2016-07-15,31,17,晴转多云,微风,小于3级,24.0,14
2016-07-16,32,20,多云,微风,小于3级,26.0,12
2016-07-17,30,21,多云转中雨,微风,小于3级,25.5,9
2016-07-18,22,19,暴雨转阴,微风,小于3级,20.5,3
2016-07-19,33,19,晴,微风,小于3级,26.0,14
2016-07-20,31,21,多云,微风,小于3级,26.0,10
2016-07-21,30,22,阵雨,微风,小于3级,26.0,8
2016-07-22,26,20,大雨,微风,小于3级,23.0,6
2016-07-23,27,22,中雨,微风,小于3级,24.5,5
2016-07-24,29,22,小雨,微风,小于3级,25.5,7
2016-07-25,26,19,中雨,微风,小于3级,22.5,7
2016-07-26,28,18,大雨,微风,小于3级,23.0,10
2016-07-27,33,20,多云,微风,小于3级,26.5,13
2016-07-28,32,20,多云,微风,小于3级,26.0,12
2016-07-29,27,20,阵雨,微风,小于3级,23.5,7
2016-07-30,29,21,阵雨,微风,小于3级,25.0,8
2016-07-31,28,21,小雨,微风,小于3级,24.5,7
2016-06-01,27,18,阵雨~小雨,微风,小于3级,22.5,9
2016-06-02,27,17,阵雨~小雨,微风,小于3级,22.0,10
2016-06-03,29,18,晴,微风,小于3级,23.5,11
2016-06-04,31,17,多云~阴,微风,小于3级,24.0,14
2016-06-05,32,18,晴,暂无实况,,25.0,14
2016-06-06,32,18,晴,暂无实况,,25.0,14
2016-06-07,29,18,多云,微风,小于3级,23.5,11
2016-06-08,29,18,多云~小雨,微风,小于3级,23.5,11
2016-06-09,29,17,阵雨~阴,微风,小于3级,23.0,12
2016-06-10,29,18,多云,微风,小于3级,23.5,11
2016-06-11,29,18,多云~阵雨,微风,小于3级,23.5,11
2016-06-12,29,19,多云~晴,微风,小于3级,24.0,10
2016-06-13,29,19,多云~阵雨,微风,小于3级,24.0,10
2016-06-14,29,18,多云~阴,微风,小于3级,23.5,11
2016-06-15,29,15,阴~晴,微风,小于3级,22.0,14
2016-06-16,29,15,晴,微风,小于3级,22.0,14
2016-06-17,29,19,多云,微风,小于3级,24.0,10
2016-06-18,29,20,多云~小雨,微风,小于3级,24.5,9
2016-06-19,29,21,多云~晴,微风,小于3级,25.0,8
2016-06-20,29,20,多云~阵雨,微风,小于3级,24.5,9
2016-06-21,29,21,多云~阵雨,微风,小于3级,25.0,8
2016-06-22,29,23,阵雨~大雨,微风,小于3级,26.0,6
2016-06-23,26,21,小雨~多云,微风,小于3级,23.5,5
2016-06-24,29,19,阴,微风,小于3级,24.0,10
2016-06-25,28,18,多云~阴,微风,小于3级,23.0,10
2016-06-26,27,18,阴,微风,小于3级,22.5,9
2016-06-27,28,17,阴,微风,小于3级,22.5,11
2016-06-28,32,19,多云,微风,小于3级,25.5,13
2016-06-29,32,21,晴~中雨,微风,小于3级,26.5,11
2016-06-30,27,21,小雨~多云,微风,小于3级,24.0,6
2016-05-01,28,14,晴~多云,微风,小于3级,21.0,14
2016-05-02,28,13,晴,微风,小于3级,20.5,15
2016-05-03,25,12,晴,微风,小于3级,18.5,13
2016-05-04,27,13,晴,微风,小于3级,20.0,14
2016-05-05,29,18,多云~阵雨,微风,小于3级,23.5,11
2016-05-06,24,17,大雨~暴雨,微风,小于3级,20.5,7
2016-05-07,19,13,中雨~阴,微风,小于3级,16.0,6
2016-05-08,22,14,多云,微风,小于3级,18.0,8
2016-05-09,28,16,多云,微风,小于3级,22.0,12
2016-05-10,29,15,晴,微风,小于3级,22.0,14
2016-05-11,29,16,多云~阵雨,微风,小于3级,22.5,13
2016-05-12,23,14,小雨,微风,小于3级,18.5,9
2016-05-13,19,14,小雨~中雨,微风,小于3级,16.5,5
2016-05-14,17,11,阴~多云,微风,小于3级,14.0,6
2016-05-15,23,11,多云~阴,微风,小于3级,17.0,12
2016-05-16,23,12,多云~阴,微风,小于3级,17.5,11
2016-05-17,20,13,阵雨~多云,微风,小于3级,16.5,7
2016-05-18,24,16,小雨,微风,小于3级,20.0,8
2016-05-19,23,14,小雨~多云,微风,小于3级,18.5,9
2016-05-20,26,14,多云~阴,微风,小于3级,20.0,12
2016-05-21,25,13,多云~阴,微风,小于3级,19.0,12
2016-05-22,16,14,中雨~小雨,微风,小于3级,15.0,2
2016-05-23,26,14,多云~晴,微风,小于3级,20.0,12
2016-05-24,24,15,小雨,微风,小于3级,19.5,9
2016-05-25,21,13,小雨,微风,小于3级,17.0,8
2016-05-26,19,13,阴,微风,小于3级,16.0,6
2016-05-27,21,14,阴,微风,小于3级,17.5,7
2016-05-28,25,16,阴~多云,微风,小于3级,20.5,9
2016-05-29,27,16,多云,微风,小于3级,21.5,11
2016-05-30,26,18,多云~小雨,微风,小于3级,22.0,8
2016-05-31,26,20,阴,微风,小于3级,23.0,6
2016-04-01,22,12,阴~多云,微风,小于3级,17.0,10
2016-04-02,20,11,阴,微风,小于3级,15.5,9
2016-04-03,24,13,多云~小雨,微风,小于3级,18.5,11
2016-04-04,16,13,小雨~阵雨,微风,小于3级,14.5,3
2016-04-05,16,13,小雨,微风,小于3级,14.5,3
2016-04-06,24,11,阴~晴,微风,小于3级,17.5,13
2016-04-07,23,11,多云~晴,微风,小于3级,17.0,12
2016-04-08,16,12,小到中雨~小雨,微风,小于3级,14.0,4
2016-04-09,17,12,小雨~阴,微风,小于3级,14.5,5
2016-04-10,22,12,阴,微风,小于3级,17.0,10
2016-04-11,20,12,阵雨,微风,小于3级,16.0,8
2016-04-12,22,13,阴,微风,小于3级,17.5,9
2016-04-13,20,13,阴~小雨,微风,小于3级,16.5,7
2016-04-14,19,13,小雨~中雨,微风,小于3级,16.0,6
2016-04-15,17,10,阵雨~阴,微风,小于3级,13.5,7
2016-04-16,23,10,多云~小雨,微风,小于3级,16.5,13
2016-04-17,23,8,晴,微风,小于3级,15.5,15
2016-04-18,23,10,晴,微风,小于3级,16.5,13
2016-04-19,22,11,多云~阴,微风,小于3级,16.5,11
2016-04-20,26,12,多云,微风,小于3级,19.0,14
2016-04-21,23,13,多云~阴,微风,小于3级,18.0,10
2016-04-22,17,10,小雨~晴,微风,小于3级,13.5,7
2016-04-23,22,12,多云~阴,微风,小于3级,17.0,10
2016-04-24,23,11,多云,微风,小于3级,17.0,12
2016-04-25,18,12,阵雨~阴,微风,小于3级,15.0,6
2016-04-26,23,12,多云~晴,微风,小于3级,17.5,11
2016-04-27,26,12,多云,微风,小于3级,19.0,14
2016-04-28,27,13,多云,微风,小于3级,20.0,14
2016-04-29,26,13,阴~多云,微风,小于3级,19.5,13
2016-04-30,24,14,多云,微风,小于3级,19.0,10
2016-03-01,17,6,多云,微风,小于3级,11.5,11
2016-03-02,20,4,多云~晴,微风,小于3级,12.0,16
2016-03-03,21,5,晴~多云,微风,小于3级,13.0,16
2016-03-04,21,7,多云~晴,微风,小于3级,14.0,14
2016-03-05,20,6,晴,微风,小于3级,13.0,14
2016-03-06,20,10,多云,微风,小于3级,15.0,10
2016-03-07,20,10,多云,微风,小于3级,15.0,10
2016-03-08,15,5,阴~阵雨,微风,小于3级,10.0,10
2016-03-09,11,4,小雨~阴,微风,小于3级,7.5,7
2016-03-10,11,4,阴,微风,小于3级,7.5,7
2016-03-11,12,5,阴,微风,小于3级,8.5,7
2016-03-12,12,3,阴,微风,小于3级,7.5,9
2016-03-13,15,7,多云~阴,微风,小于3级,11.0,8
2016-03-14,11,6,小雨,微风,小于3级,8.5,5
2016-03-15,13,7,阴,微风,小于3级,10.0,6
2016-03-16,14,8,多云~阴,微风,小于3级,11.0,6
2016-03-17,15,7,阴~小雨,微风,小于3级,11.0,8
2016-03-18,21,9,晴~多云,微风,小于3级,15.0,12
2016-03-19,18,10,阴,微风,小于3级,14.0,8
2016-03-20,14,10,中雨~小雨,微风,小于3级,12.0,4
2016-03-21,13,11,小雨,微风,小于3级,12.0,2
2016-03-22,12,9,小雨,微风,小于3级,10.5,3
2016-03-23,13,6,小雨~阴,微风,小于3级,9.5,7
2016-03-24,15,7,阴~多云,微风,小于3级,11.0,8
2016-03-25,17,6,多云,微风,小于3级,11.5,11
2016-03-26,18,3,晴,微风,小于3级,10.5,15
2016-03-27,19,6,阴,微风,小于3级,12.5,13
2016-03-28,20,8,多云~阵雨,微风,小于3级,14.0,12
2016-03-29,17,8,小雨~阴,微风,小于3级,12.5,9
2016-03-30,18,9,多云~阴,微风,小于3级,13.5,9
2016-03-31,20,10,多云,微风,小于3级,15.0,10
2016-02-01,8,-2,多云,微风,小于3级,3.0,10
2016-02-02,7,-2,多云,微风,小于3级,2.5,9
2016-02-03,4,0,小雨~多云,微风,小于3级,2.0,4
2016-02-04,10,0,多云,微风,小于3级,5.0,10
2016-02-05,10,0,阴~多云,微风,小于3级,5.0,10
2016-02-06,14,0,多云~晴,微风,小于3级,7.0,14
2016-02-07,13,-1,晴,微风,小于3级,6.0,14
2016-02-08,13,1,晴~多云,微风,小于3级,7.0,12
2016-02-09,13,3,阴,微风,小于3级,8.0,10
2016-02-10,11,3,阴,微风,小于3级,7.0,8
2016-02-11,13,4,多云~小雨,微风,小于3级,8.5,9
2016-02-12,11,2,小雨~阴,微风,小于3级,6.5,9
2016-02-13,7,0,阴,微风,小于3级,3.5,7
2016-02-14,6,-1,阴~多云,微风,小于3级,2.5,7
2016-02-15,10,0,多云,微风,小于3级,5.0,10
2016-02-16,8,-1,晴,微风,小于3级,3.5,9
2016-02-17,12,0,晴~多云,微风,小于3级,6.0,12
2016-02-18,12,1,阴,微风,小于3级,6.5,11
2016-02-19,12,-1,多云,微风,小于3级,5.5,13
2016-02-20,11,0,多云~晴,微风,小于3级,5.5,11
2016-02-21,7,1,小雨~阴,微风,小于3级,4.0,6
2016-02-22,10,3,多云,微风,小于3级,6.5,7
2016-02-23,12,1,多云~阴,微风,小于3级,6.5,11
2016-02-24,11,3,小雨~多云,微风,小于3级,7.0,8
2016-02-25,14,3,多云~晴,微风,小于3级,8.5,11
2016-02-26,18,2,晴~多云,微风,小于3级,10.0,16
2016-02-27,18,3,多云~晴,微风,小于3级,10.5,15
2016-02-28,19,4,多云,微风,小于3级,11.5,15
2016-02-29,19,6,晴~阴,微风,小于3级,12.5,13
2016-01-01,12,1,多云,微风,小于3级,6.5,11
2016-01-02,12,4,多云~阴,微风,小于3级,8.0,8
2016-01-03,12,1,多云,微风,小于3级,6.5,11
2016-01-04,13,2,晴~多云,微风,小于3级,7.5,11
2016-01-05,9,2,阴,微风,小于3级,5.5,7
2016-01-06,10,2,小雨,微风,小于3级,6.0,8
2016-01-07,11,3,晴~多云,微风,小于3级,7.0,8
2016-01-08,8,4,阴~小雨,微风,小于3级,6.0,4
2016-01-09,7,3,阴~阵雨,微风,小于3级,5.0,4
2016-01-10,10,2,多云,微风,小于3级,6.0,8
2016-01-11,7,3,阴~小雨,微风,小于3级,5.0,4
2016-01-12,8,1,阴,微风,小于3级,4.5,7
2016-01-13,8,1,阴,微风,小于3级,4.5,7
2016-01-14,9,-1,多云~晴,微风,小于3级,4.0,10
2016-01-15,9,1,多云~阴,微风,小于3级,5.0,8
2016-01-16,10,-1,多云~晴,微风,小于3级,4.5,11
2016-01-17,11,1,晴~多云,微风,小于3级,6.0,10
2016-01-18,9,1,阴,微风,小于3级,5.0,8
2016-01-19,9,0,多云,微风,小于3级,4.5,9
2016-01-20,4,-1,雨夹雪~阴,微风,小于3级,1.5,5
2016-01-21,8,-1,小雨~雨夹雪,微风,小于3级,3.5,9
2016-01-22,4,-4,阴,微风,小于3级,0.0,8
2016-01-23,3,-4,多云,微风,小于3级,-0.5,7
2016-01-24,3,-4,多云~晴,微风,小于3级,-0.5,7
2016-01-25,3,-4,晴~多云,微风,小于3级,-0.5,7
2016-01-26,5,-4,多云,微风,小于3级,0.5,9
2016-01-27,5,-5,阴~多云,微风,小于3级,0.0,10
2016-01-28,5,0,阴,微风,小于3级,2.5,5
2016-01-29,5,0,阴,微风,小于3级,2.5,5
2016-01-30,4,0,阴~小雨,微风,小于3级,2.0,4
2016-01-31,5,0,阴,微风,小于3级,2.5,5
2015-12-01,15,4,晴,微风,小于3级,9.5,11
2015-12-02,14,4,晴,微风,小于3级,9.0,10
2015-12-03,14,3,多云~阴,微风,小于3级,8.5,11
2015-12-04,9,5,小雨~阴,微风,小于3级,7.0,4
2015-12-05,10,4,阴,微风,小于3级,7.0,6
2015-12-06,11,5,多云,微风,小于3级,8.0,6
2015-12-07,11,7,阴,微风,小于3级,9.0,4
2015-12-08,9,6,阴,微风,小于3级,7.5,3
2015-12-09,10,7,阴,微风,小于3级,8.5,3
2015-12-10,12,6,阵雨~小雨,微风,小于3级,9.0,6
2015-12-11,7,5,小雨,微风,小于3级,6.0,2
2015-12-12,6,4,小雨,微风,小于3级,5.0,2
2015-12-13,9,0,阴,微风,小于3级,4.5,9
2015-12-14,7,2,阴~多云,微风,小于3级,4.5,5
2015-12-15,7,-1,阴~多云,微风,小于3级,3.0,8
2015-12-16,10,-1,多云,微风,小于3级,4.5,11
2015-12-17,8,-1,多云,微风,小于3级,3.5,9
2015-12-18,8,0,多云~小雨,微风,小于3级,4.0,8
2015-12-19,5,1,阴,微风,小于3级,3.0,4
2015-12-20,6,2,多云~阴,微风,小于3级,4.0,4
2015-12-21,7,2,阴~多云,微风,小于3级,4.5,5
2015-12-22,9,2,多云~阴,微风,小于3级,5.5,7
2015-12-23,9,1,多云~阴,微风,小于3级,5.0,8
2015-12-24,11,0,多云,微风,小于3级,5.5,11
2015-12-25,11,-1,晴,微风,小于3级,5.0,12
2015-12-26,12,-2,晴,微风,小于3级,5.0,14
2015-12-27,12,-1,晴~多云,微风,小于3级,5.5,13
2015-12-28,10,-1,多云,微风,小于3级,4.5,11
2015-12-29,11,-1,多云,微风,小于3级,5.0,12
2015-12-30,13,-1,晴~多云,微风,小于3级,6.0,14
2015-12-31,11,1,阴,微风,小于3级,6.0,10
2015-11-01,18,9,晴~多云,微风,小于3级,13.5,9
2015-11-02,14,10,多云~小雨,微风,小于3级,12.0,4
2015-11-03,13,11,小雨~阴,微风,小于3级,12.0,2
2015-11-04,13,11,小雨~中雨,微风,小于3级,12.0,2
2015-11-05,13,11,小雨,微风,小于3级,12.0,2
2015-11-06,13,11,小雨~阴,微风,小于3级,12.0,2
2015-11-07,15,11,小雨~阴,微风,小于3级,13.0,4
2015-11-08,14,10,小雨,微风,小于3级,12.0,4
2015-11-09,17,7,晴~多云,微风,小于3级,12.0,10
2015-11-10,12,11,小雨~阴,微风,小于3级,11.5,1
2015-11-11,12,11,阴~小雨,微风,小于3级,11.5,1
2015-11-12,15,11,小雨,微风,小于3级,13.0,4
2015-11-13,11,9,阴,微风,小于3级,10.0,2
2015-11-14,12,10,小雨,微风,小于3级,11.0,2
2015-11-15,16,9,阴,微风,小于3级,12.5,7
2015-11-16,18,10,阵雨~阴,微风,小于3级,14.0,8
2015-11-17,15,10,多云~小雨,微风,小于3级,12.5,5
2015-11-18,14,9,阴~小雨,微风,小于3级,11.5,5
2015-11-19,13,10,阴,微风,小于3级,11.5,3
2015-11-20,16,10,阴,微风,小于3级,13.0,6
2015-11-21,13,11,阴,微风,小于3级,12.0,2
2015-11-22,17,11,多云~阴,微风,小于3级,14.0,6
2015-11-23,13,12,小雨,微风,小于3级,12.5,1
2015-11-24,12,10,小雨,微风,小于3级,11.0,2
2015-11-25,16,3,晴,微风,小于3级,9.5,13
2015-11-26,15,7,晴~阴,微风,小于3级,11.0,8
2015-11-27,12,6,阴,微风,小于3级,9.0,6
2015-11-28,13,6,阴~晴,微风,小于3级,9.5,7
2015-11-29,12,6,多云~阴,微风,小于3级,9.0,6
2015-11-30,12,4,多云~阴,微风,小于3级,8.0,8
2015-10-01,22,12,多云,微风,小于3级,17.0,10
2015-10-02,24,15,多云~阴,微风,小于3级,19.5,9
2015-10-03,22,12,阴,微风,小于3级,17.0,10
2015-10-04,20,12,阴~多云,微风,小于3级,16.0,8
2015-10-05,20,14,阴,微风,小于3级,17.0,6
2015-10-06,19,14,阴,微风,小于3级,16.5,5
2015-10-07,27,16,多云,微风,小于3级,21.5,11
2015-10-08,23,10,阴,微风,小于3级,16.5,13
2015-10-09,25,13,阴~多云,微风,小于3级,19.0,12
2015-10-10,24,10,多云,微风,小于3级,17.0,14
2015-10-11,24,8,多云,微风,小于3级,16.0,16
2015-10-12,24,10,多云,微风,小于3级,17.0,14
2015-10-13,21,12,多云,微风,小于3级,16.5,9
2015-10-14,24,13,多云,微风,小于3级,18.5,11
2015-10-15,24,14,多云~阴,微风,小于3级,19.0,10
2015-10-16,23,15,阴~小雨,微风,小于3级,19.0,8
2015-10-17,23,15,小雨,微风,小于3级,19.0,8
2015-10-18,22,15,小雨~阴,微风,小于3级,18.5,7
2015-10-19,25,14,晴~阴,微风,小于3级,19.5,11
2015-10-20,24,15,多云,微风,小于3级,19.5,9
2015-10-21,19,14,多云~阴,微风,小于3级,16.5,5
2015-10-22,21,15,多云~小雨,微风,小于3级,18.0,6
2015-10-23,18,15,小雨,微风,小于3级,16.5,3
2015-10-24,15,13,小雨,微风,小于3级,14.0,2
2015-10-25,15,14,小雨,微风,小于3级,14.5,1
2015-10-26,22,14,小雨,微风,小于3级,18.0,8
2015-10-27,16,9,多云,微风,小于3级,12.5,7
2015-10-28,17,9,多云,微风,小于3级,13.0,8
2015-10-29,17,10,阵雨~小雨,微风,小于3级,13.5,7
2015-10-30,21,11,多云~阴,微风,小于3级,16.0,10
2015-10-31,16,10,阴~小雨,微风,小于3级,13.0,6
2015-09-01,29,19,多云~小雨,微风,小于3级,24.0,10
2015-09-02,28,19,多云~阴,微风,小于3级,23.5,9
2015-09-03,21,19,大雨~暴雨,微风,小于3级,20.0,2
2015-09-04,28,19,小雨~阴,微风,小于3级,23.5,9
2015-09-05,29,18,多云~晴,微风,小于3级,23.5,11
2015-09-06,29,18,多云,微风,小于3级,23.5,11
2015-09-07,29,18,晴~多云,微风,小于3级,23.5,11
2015-09-08,21,18,中雨,微风,小于3级,19.5,3
2015-09-09,21,17,中雨,微风,小于3级,19.0,4
2015-09-10,20,18,中雨,微风,小于3级,19.0,2
2015-09-11,24,14,多云~阴,微风,小于3级,19.0,10
2015-09-12,26,14,多云~阴,微风,小于3级,20.0,12
2015-09-13,25,14,多云,微风,小于3级,19.5,11
2015-09-14,23,14,阴~多云,微风,小于3级,18.5,9
2015-09-15,23,16,阴~小雨,微风,小于3级,19.5,7
2015-09-16,20,16,小到中雨,微风,小于3级,18.0,4
2015-09-17,20,16,小雨,微风,小于3级,18.0,4
2015-09-18,22,15,阴~多云,微风,小于3级,18.5,7
2015-09-19,22,15,小雨~多云,微风,小于3级,18.5,7
2015-09-20,24,16,多云~阴,微风,小于3级,20.0,8
2015-09-21,20,16,小雨,微风,小于3级,18.0,4
2015-09-22,26,15,多云,微风,小于3级,20.5,11
2015-09-23,21,15,小雨,微风,小于3级,18.0,6
2015-09-24,22,13,阴,微风,小于3级,17.5,9
2015-09-25,26,16,多云~阴,微风,小于3级,21.0,10
2015-09-26,21,16,小雨,微风,小于3级,18.5,5
2015-09-27,21,16,多云~小雨,微风,小于3级,18.5,5
2015-09-28,19,17,小雨,微风,小于3级,18.0,2
2015-09-29,28,19,小雨,微风,小于3级,23.5,9
2015-09-30,20,13,小雨~阴,微风,小于3级,16.5,7
2015-08-01,31,22,多云,微风,小于3级,26.5,9
2015-08-02,31,22,多云,微风,小于3级,26.5,9
2015-08-03,28,20,阵雨~小到中雨,微风,小于3级,24.0,8
2015-08-04,31,17,阵雨~晴,微风,小于3级,24.0,14
2015-08-05,33,18,晴,微风,小于3级,25.5,15
2015-08-06,33,20,多云~阴,微风,小于3级,26.5,13
2015-08-07,26,19,中到大雨~阵雨,微风,小于3级,22.5,7
2015-08-08,25,19,中雨~多云,微风,小于3级,22.0,6
2015-08-09,26,18,阵雨~阴,微风,小于3级,22.0,8
2015-08-10,25,19,阵雨,微风,小于3级,22.0,6
2015-08-11,30,20,晴,微风,小于3级,25.0,10
2015-08-12,29,19,多云,微风,小于3级,24.0,10
2015-08-13,30,20,多云~阵雨,微风,小于3级,25.0,10
2015-08-14,28,20,多云,微风,小于3级,24.0,8
2015-08-15,32,20,晴~阴,微风,小于3级,26.0,12
2015-08-16,27,19,中雨~大雨,微风,小于3级,23.0,8
2015-08-17,25,19,阴~中雨,微风,小于3级,22.0,6
2015-08-18,23,16,阵雨~阴,微风,小于3级,19.5,7
2015-08-19,28,17,多云,微风,小于3级,22.5,11
2015-08-20,31,18,多云,微风,小于3级,24.5,13
2015-08-21,33,17,晴~多云,微风,小于3级,25.0,16
2015-08-22,33,19,晴~多云,微风,小于3级,26.0,14
2015-08-23,30,18,多云,微风,小于3级,24.0,12
2015-08-24,29,18,多云~阵雨,微风,小于3级,23.5,11
2015-08-25,27,19,小雨~阴,微风,小于3级,23.0,8
2015-08-26,25,18,阵雨~小雨,微风,小于3级,21.5,7
2015-08-27,29,18,阵雨~阴,微风,小于3级,23.5,11
2015-08-28,30,17,多云~阴,微风,小于3级,23.5,13
2015-08-29,32,18,多云,微风,小于3级,25.0,14
2015-08-30,30,19,多云,微风,小于3级,24.5,11
2015-08-31,30,17,多云~晴,微风,小于3级,23.5,13
2015-07-01,33,21,多云~阴,微风,小于3级,27.0,12
2015-07-02,28,20,阵雨~阴,微风,小于3级,24.0,8
2015-07-03,25,17,小雨~阴,微风,小于3级,21.0,8
2015-07-04,24,17,阵雨,微风,小于3级,20.5,7
2015-07-05,27,18,多云,微风,小于3级,22.5,9
2015-07-06,29,19,多云,微风,小于3级,24.0,10
2015-07-07,29,19,多云~小雨,微风,小于3级,24.0,10
2015-07-08,28,20,多云~阵雨,微风,小于3级,24.0,8
2015-07-09,26,18,阵雨~阴,微风,小于3级,22.0,8
2015-07-10,31,18,晴~多云,微风,小于3级,24.5,13
2015-07-11,32,20,多云~阴,微风,小于3级,26.0,12
2015-07-12,27,20,阴~小雨,微风,小于3级,23.5,7
2015-07-13,33,21,多云,微风,小于3级,27.0,12
2015-07-14,29,19,阵雨~多云,微风,小于3级,24.0,10
2015-07-15,34,17,阵雨~多云,微风,小于3级,25.5,17
2015-07-16,32,20,多云,微风,小于3级,26.0,12
2015-07-17,33,18,多云~晴,微风,小于3级,25.5,15
2015-07-18,30,18,多云~阵雨,微风,小于3级,24.0,12
2015-07-19,33,20,阵雨~阴,微风,小于3级,26.5,13
2015-07-20,30,20,阵雨~小雨,微风,小于3级,25.0,10
2015-07-21,27,19,大雨~阵雨,微风,小于3级,23.0,8
2015-07-22,33,19,多云,微风,小于3级,26.0,14
2015-07-23,33,17,多云~晴,微风,小于3级,25.0,16
2015-07-24,35,19,多云~晴,微风,小于3级,27.0,16
2015-07-25,36,18,晴~多云,微风,小于3级,27.0,18
2015-07-26,34,20,晴~多云,微风,小于3级,27.0,14
2015-07-27,33,19,多云~晴,微风,小于3级,26.0,14
2015-07-28,32,22,多云,微风,小于3级,27.0,10
2015-07-29,31,21,多云~小雨,微风,小于3级,26.0,10
2015-07-30,31,21,多云~阴,微风,小于3级,26.0,10
2015-07-31,31,22,多云,微风,小于3级,26.5,9
2015-06-01,26,18,小雨,微风,小于3级,22.0,8
2015-06-02,28,17,小雨,微风,小于3级,22.5,11
2015-06-03,26,19,小雨~中雨,微风,小于3级,22.5,7
2015-06-04,30,17,多云,微风,小于3级,23.5,13
2015-06-05,30,17,晴~阴,微风,小于3级,23.5,13
2015-06-06,29,17,多云,微风,小于3级,23.0,12
2015-06-07,28,17,阴,微风,小于3级,22.5,11
2015-06-08,29,16,阴~多云,微风,小于3级,22.5,13
2015-06-09,30,17,阴~晴,微风,小于3级,23.5,13
2015-06-10,32,18,晴~多云,微风,小于3级,25.0,14
2015-06-11,33,20,晴~多云,微风,小于3级,26.5,13
2015-06-12,26,16,小雨~多云,微风,小于3级,21.0,10
2015-06-13,29,17,多云~阴,微风,小于3级,23.0,12
2015-06-14,27,18,阴~小雨,微风,小于3级,22.5,9
2015-06-15,24,19,小雨,微风,小于3级,21.5,5
2015-06-16,29,18,多云,微风,小于3级,23.5,11
2015-06-17,31,19,多云~阴,微风,小于3级,25.0,12
2015-06-18,31,19,多云~阴,微风,小于3级,25.0,12
2015-06-19,30,20,阴~小雨,微风,小于3级,25.0,10
2015-06-20,25,18,阴~多云,微风,小于3级,21.5,7
2015-06-21,31,20,多云,微风,小于3级,25.5,11
2015-06-22,24,20,阵雨~中雨,微风,小于3级,22.0,4
2015-06-23,23,20,中雨~阴,微风,小于3级,21.5,3
2015-06-24,25,20,阴,微风,小于3级,22.5,5
2015-06-25,31,20,多云,微风,小于3级,25.5,11
2015-06-26,29,23,阵雨~小雨,微风,小于3级,26.0,6
2015-06-27,26,22,中雨,微风,小于3级,24.0,4
2015-06-28,24,23,中雨~大雨,微风,小于3级,23.5,1
2015-06-29,26,22,中雨~小雨,微风,小于3级,24.0,4
2015-06-30,32,21,多云,微风,小于3级,26.5,11
2015-05-01,26,13,中雨转多云,微风,小于3级,19.5,13
2015-05-02,29,12,多云,微风,小于3级,20.5,17
2015-05-03,24,14,多云,微风,小于3级,19.0,10
2015-05-04,25,14,阴转多云,微风,小于3级,19.5,11
2015-05-05,22,13,阵雨转阴,微风,小于3级,17.5,9
2015-05-06,28,13,多云转晴,微风,小于3级,20.5,15
2015-05-07,25,12,多云转阵雨,微风,小于3级,18.5,13
2015-05-08,25,12,多云转阵雨,微风,小于3级,18.5,13
2015-05-09,28,14,多云~晴,微风,小于3级,21.0,14
2015-05-10,26,15,多云~阴,微风,小于3级,20.5,11
2015-05-11,27,12,多云,微风,小于3级,19.5,15
2015-05-12,27,11,多云~晴,微风,小于3级,19.0,16
2015-05-13,27,15,多云~晴,微风,小于3级,21.0,12
2015-05-14,29,10,晴,微风,小于3级,19.5,19
2015-05-15,28,9,多云~阵雨,微风,小于3级,18.5,19
2015-05-16,30,15,多云,微风,小于3级,22.5,15
2015-05-17,25,16,阴~多云,微风,小于3级,20.5,9
2015-05-18,31,18,多云,微风,小于3级,24.5,13
2015-05-19,32,16,晴,微风,小于3级,24.0,16
2015-05-20,30,15,阵雨~中雨,微风,小于3级,22.5,15
2015-05-21,21,16,中雨,微风,小于3级,18.5,5
2015-05-22,26,13,阴,微风,小于3级,19.5,13
2015-05-23,28,21,小雨,微风,小于3级,24.5,7
2015-05-24,27,18,多云~,微风,小于3级,22.5,9
2015-05-25,24,16,阴~,微风,小于3级,20.0,8
2015-05-26,25,18,多云,微风,小于3级,21.5,7
2015-05-27,25,16,多云,微风,小于3级,20.5,9
2015-05-28,29,16,多云~,微风,小于3级,22.5,13
2015-05-29,24,19,小雨~小到中雨,微风,小于3级,21.5,5
2015-05-30,31,19,多云~阴,微风,小于3级,25.0,12
2015-05-31,26,17,小雨,微风,小于3级,21.5,9
2015-04-01,20,15,小到中雨,微风,小于3级,17.5,5
2015-04-02,27,15,多云,微风,小于3级,21.0,12
2015-04-03,24,12,多云,微风,小于3级,18.0,12
2015-04-04,20,11,小雨转阴,微风,小于3级,15.5,9
2015-04-05,14,9,小雨转阴,微风,小于3级,11.5,5
2015-04-06,14,8,阵雨转阴,微风,小于3级,11.0,6
2015-04-07,13,7,阴转多云,微风,小于3级,10.0,6
2015-04-08,15,9,多云转阴,微风,小于3级,12.0,6
2015-04-09,17,7,多云,微风,小于3级,12.0,10
2015-04-10,20,9,多云,微风,小于3级,14.5,11
2015-04-11,22,9,阴转晴,微风,小于3级,15.5,13
2015-04-12,22,10,多云转晴,微风,小于3级,16.0,12
2015-04-13,21,6,多云转晴,微风,小于3级,13.5,15
2015-04-14,20,8,多云转阴,微风,小于3级,14.0,12
2015-04-15,26,10,多云转晴,微风,小于3级,18.0,16
2015-04-16,25,10,多云,微风,小于3级,17.5,15
2015-04-17,21,13,多云转小雨,微风,小于3级,17.0,8
2015-04-18,22,14,阵雨,微风,小于3级,18.0,8
2015-04-19,25,11,阵雨转多云,微风,小于3级,18.0,14
2015-04-20,21,12,多云,微风,小于3级,16.5,9
2015-04-21,21,10,阵雨转多云,微风,小于3级,15.5,11
2015-04-22,21,12,阴转阵雨,微风,小于3级,16.5,9
2015-04-23,18,11,小雨,微风,小于3级,14.5,7
2015-04-24,26,10,阴转多云,微风,小于3级,18.0,16
2015-04-25,23,11,多云,微风,小于3级,17.0,12
2015-04-26,21,13,多云,微风,小于3级,17.0,8
2015-04-27,28,13,多云转晴,微风,小于3级,20.5,15
2015-04-28,28,13,多云转晴,微风,小于3级,20.5,15
2015-04-29,29,14,多云转晴,微风,小于3级,21.5,15
2015-04-30,26,14,多云转阵雨,微风,小于3级,20.0,12
2015-03-01,12,4,多云,微风,小于3级,8.0,8
2015-03-02,11,1,多云,微风,小于3级,6.0,10
2015-03-03,7,3,阴转小雨,微风,小于3级,5.0,4
2015-03-04,5,4,小雨转阴,微风,小于3级,4.5,1
2015-03-05,8,1,小雨转阴,微风,小于3级,4.5,7
2015-03-06,12,0,多云,微风,小于3级,6.0,12
2015-03-07,14,2,多云,微风,小于3级,8.0,12
2015-03-08,17,4,阴转多云,微风,小于3级,10.5,13
2015-03-09,14,5,多云,微风,小于3级,9.5,9
2015-03-10,12,5,阵雨,微风,小于3级,8.5,7
2015-03-11,17,6,小雨转多云,微风,小于3级,11.5,11
2015-03-12,15,5,多云,微风,小于3级,10.0,10
2015-03-13,18,5,多云,微风,小于3级,11.5,13
2015-03-14,18,8,阴转多云,微风,小于3级,13.0,10
2015-03-15,17,9,阵雨转阴,微风,小于3级,13.0,8
2015-03-16,18,10,阴转多云,微风,小于3级,14.0,8
2015-03-17,16,10,阴,微风,小于3级,13.0,6
2015-03-18,19,12,阴,微风,小于3级,15.5,7
2015-03-19,15,9,小雨,微风,小于3级,12.0,6
2015-03-20,17,8,多云,微风,小于3级,12.5,9
2015-03-21,20,7,多云,微风,小于3级,13.5,13
2015-03-22,17,7,多云,微风,小于3级,12.0,10
2015-03-23,18,9,阴转多云,微风,小于3级,13.5,9
2015-03-24,17,10,阵雨转阴,微风,小于3级,13.5,7
2015-03-25,16,10,阵雨,微风,小于3级,13.0,6
2015-03-26,19,9,多云,微风,小于3级,14.0,10
2015-03-27,17,11,小雨转多云,微风,小于3级,14.0,6
2015-03-28,21,8,多云转阵雨,微风,小于3级,14.5,13
2015-03-29,23,10,阵雨转多云,微风,小于3级,16.5,13
2015-03-30,22,13,多云转阴,微风,小于3级,17.5,9
2015-03-31,23,14,阵雨转多云,微风,小于3级,18.5,9
2015-02-01,4,-1,阵雨转阴,微风,小于3级,1.5,5
2015-02-02,5,0,阴,微风,小于3级,2.5,5
2015-02-03,10,0,阴转晴,微风,小于3级,5.0,10
2015-02-04,8,0,多云,微风,小于3级,4.0,8
2015-02-05,9,-1,多云,微风,小于3级,4.0,10
2015-02-06,8,0,多云,微风,小于3级,4.0,8
2015-02-07,7,-1,阴,微风,小于3级,3.0,8
2015-02-08,11,-2,晴转多云,微风,小于3级,4.5,13
2015-02-09,7,2,小雨转阴,微风,小于3级,4.5,5
2015-02-10,7,2,小雨转阴,微风,小于3级,4.5,5
2015-02-11,15,1,多云转晴,微风,小于3级,8.0,14
2015-02-12,15,1,多云转晴,微风,小于3级,8.0,14
2015-02-13,14,4,多云转阴,微风,小于3级,9.0,10
2015-02-14,13,3,阴,微风,小于3级,8.0,10
2015-02-15,16,5,阴转多云,微风,小于3级,10.5,11
2015-02-16,18,1,晴,微风,小于3级,9.5,17
2015-02-17,17,3,晴转多云,微风,小于3级,10.0,14
2015-02-18,13,3,阴,微风,小于3级,8.0,10
2015-02-19,9,5,小雨,微风,小于3级,7.0,4
2015-02-20,14,4,小雨转阴,微风,小于3级,9.0,10
2015-02-21,15,3,晴转多云,微风,小于3级,9.0,12
2015-02-22,12,4,阴转多云,微风,小于3级,8.0,8
2015-02-23,13,5,阴转多云,微风,小于3级,9.0,8
2015-02-24,12,5,阴转多云,微风,小于3级,8.5,7
2015-02-25,13,4,多云,微风,小于3级,8.5,9
2015-02-26,9,4,阴转阵雨,微风,小于3级,6.5,5
2015-02-27,7,4,小雨,微风,小于3级,5.5,3
2015-02-28,10,4,小雨转多云,微风,小于3级,7.0,6
2015-01-01,8,0,多云,微风,小于3级,4.0,8
2015-01-02,7,-1,多云,微风,小于3级,3.0,8
2015-01-03,11,0,多云,微风,小于3级,5.5,11
2015-01-04,7,0,阴,微风,小于3级,3.5,7
2015-01-05,6,4,阴,微风,小于3级,5.0,2
2015-01-06,9,0,阴转多云,东北风~微风,3-4级~小于3级,4.5,9
2015-01-07,10,-2,多云,微风,小于3级,4.0,12
2015-01-08,9,1,阴,微风,小于3级,5.0,8
2015-01-09,8,2,多云,微风,小于3级,5.0,6
2015-01-10,11,0,多云,微风,小于3级,5.5,11
2015-01-11,9,1,阴,微风,小于3级,5.0,8
2015-01-12,12,-1,多云转晴,微风,小于3级,5.5,13
2015-01-13,8,1,多云,微风,小于3级,4.5,7
2015-01-14,9,3,阴转多云,微风,小于3级,6.0,6
2015-01-15,12,4,小雨转多云,微风,小于3级,8.0,8
2015-01-16,11,3,多云,微风,小于3级,7.0,8
2015-01-17,8,3,多云转阵雨,微风,小于3级,5.5,5
2015-01-18,9,1,阴转多云,微风,小于3级,5.0,8
2015-01-19,8,1,多云转阴,微风,小于3级,4.5,7
2015-01-20,13,0,多云转晴,微风,小于3级,6.5,13
2015-01-21,11,-1,晴,微风,小于3级,5.0,12
2015-01-22,13,-2,晴,微风,小于3级,5.5,15
2015-01-23,12,2,多云,微风,小于3级,7.0,10
2015-01-24,11,3,阴,微风,小于3级,7.0,8
2015-01-25,11,5,阴,微风,小于3级,8.0,6
2015-01-26,10,3,阴转多云,微风,小于3级,6.5,7
2015-01-27,5,3,小雨,微风,小于3级,4.0,2
2015-01-28,4,2,小雨,微风,小于3级,3.0,2
2015-01-29,6,1,阴转多云,微风,小于3级,3.5,5
2015-01-30,4,-1,多云转小雨,微风,小于3级,1.5,5
2015-01-31,4,0,阵雨,微风,小于3级,2.0,4
2014-12-01,12,5,多云,北风,4-5级,8.5,7
2014-12-02,8,6,阴转阵雨,微风,小于3级,7.0,2
2014-12-03,11,2,多云,微风,小于3级,6.5,9
2014-12-04,11,1,多云,微风,小于3级,6.0,10
2014-12-05,12,0,晴,微风,小于3级,6.0,12
2014-12-06,12,0,多云转阴,微风,小于3级,6.0,12
2014-12-07,10,3,多云,微风,小于3级,6.5,7
2014-12-08,8,2,多云转小雨,微风,小于3级,5.0,6
2014-12-09,6,2,小雨,微风,小于3级,4.0,4
2014-12-10,6,2,阵雨转阴,微风~东北风,小于3级~4-5级,4.0,4
2014-12-11,6,1,阴转多云,微风,小于3级,3.5,5
2014-12-12,9,2,多云,微风,小于3级,5.5,7
2014-12-13,8,-1,多云,微风,小于3级,3.5,9
2014-12-14,7,1,多云转阴,微风,小于3级,4.0,6
2014-12-15,4,0,多云,东北风,4-5级~5-6级,2.0,4
2014-12-16,6,0,多云转阴,东北风,4-5级~3-4级,3.0,6
2014-12-17,7,1,多云,微风,小于3级,4.0,6
2014-12-18,8,-1,多云,微风,小于3级,3.5,9
2014-12-19,9,-1,多云转晴,微风,小于3级,4.0,10
2014-12-20,9,-3,晴,微风,小于3级,3.0,12
2014-12-21,8,-4,多云转晴,东北风~微风,4-5级~小于3级,2.0,12
2014-12-22,8,-1,多云转晴,微风,小于3级,3.5,9
2014-12-23,8,-1,多云,微风,小于3级,3.5,9
2014-12-24,11,-1,多云,微风,小于3级,5.0,12
2014-12-25,8,-1,多云转阴,微风,小于3级,3.5,9
2014-12-26,6,2,阵雨转阴,微风,小于3级,4.0,4
2014-12-27,9,2,阴转多云,微风,小于3级,5.5,7
2014-12-28,8,-1,多云转晴,微风,小于3级,3.5,9
2014-12-29,10,-1,多云,微风,小于3级,4.5,11
2014-12-30,13,-2,多云转晴,微风,小于3级,5.5,15
2014-12-31,7,-1,多云转晴,微风,小于3级,3.0,8
2014-11-01,13,10,阴,微风~东北风,小于3级~4-5级,11.5,3
2014-11-02,16,9,阴,东北风,5-6级,12.5,7
2014-11-03,17,10,多云,东北风,小于3级,13.5,7
2014-11-04,14,5,多云转阴,东北风,小于3级,9.5,9
2014-11-05,19,7,多云,东北风,小于3级,13.0,12
2014-11-06,13,7,多云转阵雨,微风,小于3级,10.0,6
2014-11-07,12,8,小雨,微风,小于3级,10.0,4
2014-11-08,13,10,阴,微风,小于3级,11.5,3
2014-11-09,13,10,阴,微风,小于3级,11.5,3
2014-11-10,13,10,阴,微风,小于3级,11.5,3
2014-11-11,14,7,多云,微风,小于3级,10.5,7
2014-11-12,14,8,多云,微风,小于3级,11.0,6
2014-11-13,14,8,阴转多云,微风,小于3级,11.0,6
2014-11-14,13,6,多云转阵雨,微风,小于3级,9.5,7
2014-11-15,14,9,阴转多云,微风,小于3级,11.5,5
2014-11-16,14,6,多云,微风,小于3级,10.0,8
2014-11-17,12,7,阴转小雨,微风,小于3级,9.5,5
2014-11-18,11,7,多云,微风,小于3级,9.0,4
2014-11-19,12,7,多云,微风,小于3级,9.5,5
2014-11-20,12,7,阴,微风,小于3级,9.5,5
2014-11-21,13,7,阴,微风,小于3级,10.0,6
2014-11-22,11,8,阴转小雨,微风,小于3级,9.5,3
2014-11-23,11,8,阴转小雨,微风,小于3级,9.5,3
2014-11-24,10,8,小雨转阴,微风,小于3级,9.0,2
2014-11-25,12,7,阴,微风,小于3级,9.5,5
2014-11-26,12,7,阴,微风,小于3级,9.5,5
2014-11-27,11,7,阵雨转阴,微风,小于3级,9.0,4
2014-11-28,13,7,阴~多云,微风,小于3级,10.0,6
2014-11-29,11,7,阴,微风,小于3级,9.0,4
2014-11-30,11,5,阴转多云,北风,4-5级~5-6级,8.0,6
2014-10-01,26,17,中雨转多云,微风,小于3级,21.5,9
2014-10-02,29,14,晴,微风,小于3级,21.5,15
2014-10-03,25,16,多云,微风,小于3级,20.5,9
2014-10-04,26,16,多云,微风,小于3级,21.0,10
2014-10-05,26,17,晴,微风,小于3级,21.5,9
2014-10-06,25,14,多云转阵雨,微风,小于3级,19.5,11
2014-10-07,23,16,阵雨转阴,微风,小于3级,19.5,7
2014-10-08,23,17,阴,微风,小于3级,20.0,6
2014-10-09,21,16,阴,微风,小于3级,18.5,5
2014-10-10,21,15,阴转小雨,微风,小于3级,18.0,6
2014-10-11,17,16,阵雨转阴,东北风~微风,4-5级~小于3级,16.5,1
2014-10-12,17,14,阵雨转阴,东北风~微风,5-6级~小于3级,15.5,3
2014-10-13,15,11,阴,微风,小于3级,13.0,4
2014-10-14,17,9,阴,微风,小于3级,13.0,8
2014-10-15,16,10,小雨,微风,小于3级,13.0,6
2014-10-16,15,13,小雨,微风,小于3级,14.0,2
2014-10-17,18,13,阴,微风,小于3级,15.5,5
2014-10-18,15,13,阵雨转小雨,微风,小于3级,14.0,2
2014-10-19,19,14,阵雨,微风,小于3级,16.5,5
2014-10-20,22,15,阵雨转多云,微风,小于3级,18.5,7
2014-10-21,22,11,多云转晴,微风,小于3级,16.5,11
2014-10-22,20,11,小雨,微风,小于3级,15.5,9
2014-10-23,22,11,多云,微风,小于3级,16.5,11
2014-10-24,22,11,多云,微风,小于3级,16.5,11
2014-10-25,22,13,多云,微风,小于3级,17.5,9
2014-10-26,21,14,多云,微风,小于3级,17.5,7
2014-10-27,16,14,阵雨转小到中雨,微风,小于3级,15.0,2
2014-10-28,18,16,中到大雨转小雨,微风,小于3级,17.0,2
2014-10-29,17,14,阴,微风,小于3级,15.5,3
2014-10-30,15,11,阴转小雨,微风,小于3级,13.0,4
2014-10-31,16,12,小雨转阴,微风,小于3级,14.0,4
2014-09-01,27,18,大雨转中雨,微风,小于3级,22.5,9
2014-09-02,29,19,阴转多云,微风,小于3级,24.0,10
2014-09-03,29,17,多云,微风,小于3级,23.0,12
2014-09-04,27,17,多云转阴,微风,小于3级,22.0,10
2014-09-05,25,17,多云转阵雨,微风,小于3级,21.0,8
2014-09-06,22,18,阵雨转阴,微风,小于3级,20.0,4
2014-09-07,22,19,阵雨,微风,小于3级,20.5,3
2014-09-08,22,19,阵雨,微风,小于3级,20.5,3
2014-09-09,24,19,阵雨,微风,小于3级,21.5,5
2014-09-10,23,20,暴雨转中雨,微风,小于3级,21.5,3
2014-09-11,23,20,中雨,微风,小于3级,21.5,3
2014-09-12,22,19,中雨,微风,小于3级,20.5,3
2014-09-13,25,20,阵雨,微风,小于3级,22.5,5
2014-09-14,23,20,阵雨,微风,小于3级,21.5,3
2014-09-15,21,16,阵雨转阴,微风,小于3级,18.5,5
2014-09-16,22,18,阵雨,微风,小于3级,20.0,4
2014-09-17,21,15,阵雨,微风,小于3级,18.0,6
2014-09-18,26,16,阴转多云,微风,小于3级,21.0,10
2014-09-19,26,16,多云,微风,小于3级,21.0,10
2014-09-20,25,16,多云,微风,小于3级,20.5,9
2014-09-21,23,18,阵雨,微风,小于3级,20.5,5
2014-09-22,22,19,阵雨,微风,小于3级,20.5,3
2014-09-23,23,18,阵雨,微风,小于3级,20.5,5
2014-09-24,23,16,多云,微风,小于3级,19.5,7
2014-09-25,22,14,多云转阵雨,微风,小于3级,18.0,8
2014-09-26,23,16,多云转阵雨,微风,小于3级,19.5,7
2014-09-27,20,16,阵雨,微风,小于3级,18.0,4
2014-09-28,25,16,阴转多云,微风,小于3级,20.5,9
2014-09-29,27,15,晴,微风,小于3级,21.0,12
2014-09-30,23,16,晴转阵雨,微风,小于3级,19.5,7
2014-08-01,33,23,多云,微风,小于3级,28.0,10
2014-08-02,32,22,多云,微风,小于3级,27.0,10
2014-08-03,33,22,多云,微风,小于3级,27.5,11
2014-08-04,33,21,多云,微风,小于3级,27.0,12
2014-08-05,33,21,多云转晴,微风,小于3级,27.0,12
2014-08-06,30,22,多云转阵雨,微风,小于3级,26.0,8
2014-08-07,27,22,阵雨转阴,微风,小于3级,24.5,5
2014-08-08,24,20,中到大雨,微风,小于3级,22.0,4
2014-08-09,25,20,阵雨转中雨,微风,小于3级,22.5,5
2014-08-10,25,20,阵雨,微风,小于3级,22.5,5
2014-08-11,29,20,多云,微风,小于3级,24.5,9
2014-08-12,28,20,多云,微风,小于3级,24.0,8
2014-08-13,30,18,多云,微风,小于3级,24.0,12
2014-08-14,29,18,多云,微风,小于3级,23.5,11
2014-08-15,26,17,多云转阵雨,微风,小于3级,21.5,9
2014-08-16,24,20,阵雨,微风,小于3级,22.0,4
2014-08-17,28,18,阴转多云,微风,小于3级,23.0,10
2014-08-18,29,20,阴转多云,微风,小于3级,24.5,9
2014-08-19,31,20,多云,微风,小于3级,25.5,11
2014-08-20,31,19,多云,微风,小于3级,25.0,12
2014-08-21,30,21,多云~阵雨,微风,小于3级,25.5,9
2014-08-22,25,19,阵雨转阴,微风,小于3级,22.0,6
2014-08-23,25,18,阵雨,微风,小于3级,21.5,7
2014-08-24,29,18,多云,微风,小于3级,23.5,11
2014-08-25,28,19,多云,微风,小于3级,23.5,9
2014-08-26,24,16,小雨转中雨,微风,小于3级,20.0,8
2014-08-27,27,18,阴转多云,微风,小于3级,22.5,9
2014-08-28,24,15,小雨,微风,小于3级,19.5,9
2014-08-29,27,18,阴转阵雨,微风,小于3级,22.5,9
2014-08-30,23,19,小到中雨转中雨,微风,小于3级,21.0,4
2014-08-31,27,19,阴转阵雨,微风,小于3级,23.0,8
2014-07-01,30,19,多云,北风,微风,24.5,11
2014-07-02,19,29,多云转阴,南风,微风,24.0,10
2014-07-03,19,32,晴,东北风,微风,25.5,13
2014-07-04,19,32,多云转阴,西南风,微风,25.5,13
2014-07-05,20,31,多云,西南风,微风,25.5,11
2014-07-06,22,30,阴,北风,微风,26.0,8
2014-07-07,23,30,多云转阴,西风,微风,26.5,7
2014-07-08,25,22,中雨,南风,微风,23.5,3
2014-07-09,22,19,大雨转中雨,北风,微风,20.5,3
2014-07-10,28,20,中雨转阵雨,西北风,微风,24.0,8
2014-07-11,29,18,多云,微风,小于3级,23.5,11
2014-07-12,28,19,多云,微风,小于3级,23.5,9
2014-07-13,30,19,多云,微风,小于3级,24.5,11
2014-07-14,33,19,多云,微风,小于3级,26.0,14
2014-07-15,32,19,多云转晴,微风,小于3级,25.5,13
2014-07-16,32,21,阴转多云,微风,小于3级,26.5,11
2014-07-17,30,21,多云,微风,小于3级,25.5,9
2014-07-18,26,20,多云转雷阵雨,微风,小于3级,23.0,6
2014-07-19,29,20,阵雨转中雨,微风,小于3级,24.5,9
2014-07-20,26,21,大雨转中雨,微风,小于3级,23.5,5
2014-07-21,28,22,小到中雨转阵雨,微风,小于3级,25.0,6
2014-07-22,29,22,阵雨,微风,小于3级,25.5,7
2014-07-23,32,22,多云,微风,小于3级,27.0,10
2014-07-24,35,23,多云,微风,小于3级,29.0,12
2014-07-25,31,20,多云,微风,小于3级,25.5,11
2014-07-26,31,21,多云,微风,小于3级,26.0,10
2014-07-27,32,22,多云,微风,小于3级,27.0,10
2014-07-28,32,21,多云转晴,微风,小于3级,26.5,11
2014-07-29,31,22,多云转阵雨,微风,小于3级,26.5,9
2014-07-30,33,22,阴,微风,小于3级,27.5,11
2014-07-31,32,22,阵雨转多云,微风,小于3级,27.0,10
2014-06-01,32,20,多云转晴,微风,小于3级,26.0,12
2014-06-02,31,18,多云转晴,微风,小于3级,24.5,13
2014-06-03,29,20,小雨,微风,小于3级,24.5,9
2014-06-04,26,17,小到中雨转阵雨,微风,小于3级,21.5,9
2014-06-05,26,20,阴,微风,小于3级,23.0,6
2014-06-06,29,17,多云转晴,微风,小于3级,23.0,12
2014-06-07,31,20,晴转多云,微风,小于3级,25.5,11
2014-06-08,29,18,多云,微风,小于3级,23.5,11
2014-06-09,32,22,多云,微风,小于3级,27.0,10
2014-06-10,19,26,阴转阵雨,西北风,微风,22.5,7
2014-06-11,20,16,小到中雨转中雨,东风,微风,18.0,4
2014-06-12,26,16,阵雨转阴,东风,微风,21.0,10
2014-06-13,26,17,多云转阴,西北风,微风,21.5,9
2014-06-14,31,19,多云,东风,微风,25.0,12
2014-06-15,32,19,多云转晴,西风,微风,25.5,13
2014-06-16,32,19,多云转晴,东风,微风,25.5,13
2014-06-17,31,19,多云,东北风,微风,25.0,12
2014-06-18,19,26,阵雨转多云,北风,微风,22.5,7
2014-06-19,18,25,多云,南风,微风,21.5,7
2014-06-20,16,29,晴转多云,东风,微风,22.5,13
2014-06-21,20,30,多云,西南风,微风,25.0,10
2014-06-22,19,26,阵雨,北风,微风,22.5,7
2014-06-23,18,22,阵雨转小雨,东风,微风,20.0,4
2014-06-24,18,28,多云,东风,微风,23.0,10
2014-06-25,20,26,阴,北风,微风,23.0,6
2014-06-26,20,30,多云转阵雨,东南风,微风,25.0,10
2014-06-27,19,24,阵雨转多云,南风,微风,21.5,5
2014-06-28,18,28,多云,西南风,微风,23.0,10
2014-06-29,19,28,多云转阴,北风,微风,23.5,9
2014-06-30,30,21,阴转多云,西南风,微风,25.5,9
2014-05-01,21,11,多云转阵雨,微风,小于3级,16.0,10
2014-05-02,20,12,多云转阵雨,微风,小于3级,16.0,8
2014-05-03,18,10,阵雨,微风,小于3级,14.0,8
2014-05-04,25,13,阴转晴,微风,小于3级,19.0,12
2014-05-05,24,11,多云转晴,微风,小于3级,17.5,13
2014-05-06,25,11,晴,微风,小于3级,18.0,14
2014-05-07,26,11,晴,微风,小于3级,18.5,15
2014-05-08,26,11,多云,微风,小于3级,18.5,15
2014-05-09,21,14,阵雨转小雨,微风,小于3级,17.5,7
2014-05-10,18,12,阵雨转阴,东北风~微风,4-5级~小于3级,15.0,6
2014-05-11,24,10,多云,东北风~微风,4-5级~小于3级,17.0,14
2014-05-12,23,14,阴转多云,微风,小于3级,18.5,9
2014-05-13,24,13,阵雨转多云,微风,小于3级,18.5,11
2014-05-14,23,14,多云,微风~北风,小于3级~4-5级,18.5,9
2014-05-15,23,15,阴,东北风~微风,4-5级~小于3级,19.0,8
2014-05-16,22,13,多云,微风,小于3级,17.5,9
2014-05-17,26,14,多云,微风,小于3级,20.0,12
2014-05-18,26,14,多云,微风,小于3级,20.0,12
2014-05-19,29,15,阵雨转晴,微风,小于3级,22.0,14
2014-05-20,24,17,多云,微风,小于3级,20.5,7
2014-05-21,27,16,阵雨转多云,微风,小于3级,21.5,11
2014-05-22,26,16,多云转阴,微风,小于3级,21.0,10
2014-05-23,22,17,阵雨,微风,小于3级,19.5,5
2014-05-24,27,18,阵雨转多云,微风,小于3级,22.5,9
2014-05-25,30,17,多云,微风,小于3级,23.5,13
2014-05-26,28,16,多云,微风,小于3级,22.0,12
2014-05-27,30,16,多云,微风,小于3级,23.0,14
2014-05-28,29,17,多云,微风,小于3级,23.0,12
2014-05-29,29,17,阴转多云,微风,小于3级,23.0,12
2014-05-30,28,16,阴转多云,微风,小于3级,22.0,12
2014-05-31,30,19,多云,微风,小于3级,24.5,11
2014-04-01,16,11,阴转阵雨,微风,小于3级,13.5,5
2014-04-02,19,10,阵雨转多云,微风,小于3级,14.5,9
2014-04-03,23,9,多云,微风,小于3级,16.0,14
2014-04-04,16,11,阵雨转小雨,微风,小于3级,13.5,5
2014-04-05,20,11,阵雨转多云,微风,小于3级,15.5,9
2014-04-06,23,9,多云,微风,小于3级,16.0,14
2014-04-07,22,11,阴转多云,微风,小于3级,16.5,11
2014-04-08,23,11,多云,微风,小于3级,17.0,12
2014-04-09,20,12,多云转阵雨,微风,小于3级,16.0,8
2014-04-10,18,13,小雨,微风,小于3级,15.5,5
2014-04-11,18,15,小到中雨转小雨,微风,小于3级,16.5,3
2014-04-12,23,13,多云转晴,微风,小于3级,18.0,10
2014-04-13,26,14,晴转多云,微风,小于3级,20.0,12
2014-04-14,23,15,阴,微风,小于3级,19.0,8
2014-04-15,20,15,阵雨,微风,小于3级,17.5,5
2014-04-16,21,13,阴转多云,微风,小于3级,17.0,8
2014-04-17,22,14,多云转阵雨,微风,小于3级,18.0,8
2014-04-18,22,14,小到中雨转阵雨,微风,小于3级,18.0,8
2014-04-19,27,13,多云转晴,微风,小于3级,20.0,14
2014-04-20,16,14,阵雨,东北风~微风,3-4级~小于3级,15.0,2
2014-04-21,20,14,阴转阵雨,微风,小于3级,17.0,6
2014-04-22,21,12,阴转多云,微风,小于3级,16.5,9
2014-04-23,21,12,多云转阴,微风,小于3级,16.5,9
2014-04-24,19,13,阴转阵雨,微风,小于3级,16.0,6
2014-04-25,18,11,中雨转多云,微风,小于3级,14.5,7
2014-04-26,22,12,阴转多云,微风,小于3级,17.0,10
2014-04-27,25,11,多云转晴,微风,小于3级,18.0,14
2014-04-28,25,10,多云,微风,小于3级,17.5,15
2014-04-29,25,13,多云,微风,小于3级,19.0,12
2014-04-30,25,13,多云,微风,小于3级,19.0,12
2014-03-01,12,5,阴,微风,小于3级,8.5,7
2014-03-02,8,5,小雨,微风,小于3级,6.5,3
2014-03-03,10,4,小雨,微风,小于3级,7.0,6
2014-03-04,10,6,阴转多云,微风,小于3级,8.0,4
2014-03-05,11,4,多云转小雨,微风,小于3级,7.5,7
2014-03-06,9,6,小雨,微风,小于3级,7.5,3
2014-03-07,7,5,小雨,微风,小于3级,6.0,2
2014-03-08,15,5,阴转多云,微风,小于3级,10.0,10
2014-03-09,13,5,多云,微风,小于3级,9.0,8
2014-03-10,15,7,阴转多云,微风,小于3级,11.0,8
2014-03-11,15,8,多云转阴,微风,小于3级,11.5,7
2014-03-12,17,7,阴转多云,微风,小于3级,12.0,10
2014-03-13,15,6,晴转多云,微风,小于3级,10.5,9
2014-03-14,19,5,多云,微风,小于3级,12.0,14
2014-03-15,18,5,多云,微风,小于3级,11.5,13
2014-03-16,20,6,多云,微风,小于3级,13.0,14
2014-03-17,22,6,晴,微风,小于3级,14.0,16
2014-03-18,19,10,多云,微风,小于3级,14.5,9
2014-03-19,20,12,阴,微风,小于3级,16.0,8
2014-03-20,13,8,多云转阴,北风~东北风,4-5级~3-4级,10.5,5
2014-03-21,10,6,小雨,微风,小于3级,8.0,4
2014-03-22,11,6,小雨,微风,小于3级,8.5,5
2014-03-23,15,6,阴,微风,小于3级,10.5,9
2014-03-24,18,7,多云,微风,小于3级,12.5,11
2014-03-25,22,8,多云,微风,小于3级,15.0,14
2014-03-26,21,9,多云,微风,小于3级,15.0,12
2014-03-27,20,11,阴转多云,微风,小于3级,15.5,9
2014-03-28,19,7,阴转多云,微风,小于3级,13.0,12
2014-03-29,19,11,多云,微风,小于3级,15.0,8
2014-03-30,16,10,阵雨转小雨,微风,小于3级,13.0,6
2014-03-31,17,11,阴,微风,小于3级,14.0,6
2014-02-01,14,4,多云,微风,小于3级,9.0,10
2014-02-02,16,3,多云,微风,小于3级,9.5,13
2014-02-03,16,3,多云,微风,小于3级,9.5,13
2014-02-04,16,6,多云转阴,微风,小于3级,11.0,10
2014-02-05,8,3,小雨,微风,小于3级,5.5,5
2014-02-06,5,1,小雨,微风,小于3级,3.0,4
2014-02-07,6,0,阴,微风,小于3级,3.0,6
2014-02-08,4,1,阴转雨夹雪,微风,小于3级,2.5,3
2014-02-09,2,0,阵雪转雨夹雪,微风,小于3级,1.0,2
2014-02-10,3,0,阴,微风,小于3级,1.5,3
2014-02-11,5,-1,多云转小雨,微风,小于3级,2.0,6
2014-02-12,5,0,阴转小雨,微风,小于3级,2.5,5
2014-02-13,5,-1,阴转多云,微风,小于3级,2.0,6
2014-02-14,7,0,阴,微风,小于3级,3.5,7
2014-02-15,4,0,阴,微风,小于3级,2.0,4
2014-02-16,6,2,小雨,微风,小于3级,4.0,4
2014-02-17,6,2,小雨,微风,小于3级,4.0,4
2014-02-18,6,2,小雨,微风,小于3级,4.0,4
2014-02-19,8,0,多云,微风,小于3级,4.0,8
2014-02-20,9,2,多云,微风,小于3级,5.5,7
2014-02-21,9,3,阴转多云,微风,小于3级,6.0,6
2014-02-22,12,3,多云,微风,小于3级,7.5,9
2014-02-23,11,6,阴,微风,小于3级,8.5,5
2014-02-24,10,5,小雨,微风,小于3级,7.5,5
2014-02-25,9,4,阴转多云,微风,小于3级,6.5,5
2014-02-26,9,6,阴转小雨,微风,小于3级,7.5,3
2014-02-27,8,5,阴转小雨,微风,小于3级,6.5,3
2014-02-28,9,6,阴,微风,小于3级,7.5,3
2014-01-01,9,-1,多云,微风,小于3级,4.0,10
2014-01-02,11,-2,多云,微风,小于3级,4.5,13
2014-01-03,9,-2,晴,微风,小于3级,3.5,11
2014-01-04,11,-1,晴转多云,微风,小于3级,5.0,12
2014-01-05,6,-3,多云转阴,微风,小于3级,1.5,9
2014-01-06,7,2,阵雨转小雨,微风,小于3级,4.5,5
2014-01-07,3,1,小雨转雨夹雪,东北风,4-5级,2.0,2
2014-01-08,11,0,多云,微风,小于3级,5.5,11
2014-01-09,6,-3,多云,微风,小于3级,1.5,9
2014-01-10,6,2,小雨,微风,小于3级,4.0,4
2014-01-11,9,1,阴转多云,微风,小于3级,5.0,8
2014-01-12,8,0,多云,微风,小于3级,4.0,8
2014-01-13,9,-2,多云,微风,小于3级,3.5,11
2014-01-14,8,-2,多云,微风,小于3级,3.0,10
2014-01-15,4,-1,阴转小雨,微风,小于3级,1.5,5
2014-01-16,10,1,阴转多云,微风,小于3级,5.5,9
2014-01-17,12,0,多云转晴,微风,小于3级,6.0,12
2014-01-18,10,0,晴转多云,微风,小于3级,5.0,10
2014-01-19,10,1,阵雨转多云,微风,小于3级,5.5,9
2014-01-20,13,-2,晴,微风,小于3级,5.5,15
2014-01-21,10,-2,晴,微风,小于3级,4.0,12
2014-01-22,15,-2,晴,微风,小于3级,6.5,17
2014-01-23,11,-1,多云,微风,小于3级,5.0,12
2014-01-24,15,-1,多云,微风,小于3级,7.0,16
2014-01-25,16,-2,晴转多云,微风,小于3级,7.0,18
2014-01-26,13,4,阴转多云,微风,小于3级,8.5,9
2014-01-27,12,4,多云,微风,小于3级,8.0,8
2014-01-28,12,3,阴,微风,小于3级,7.5,9
2014-01-29,13,4,阴转多云,微风,小于3级,8.5,9
2014-01-30,15,2,多云,微风,小于3级,8.5,13
2014-01-31,12,2,晴转多云,微风,小于3级,7.0,10
2013-12-01,15,2,多云转晴,微风,小于3级,8.5,13
2013-12-02,15,0,晴转多云,微风,小于3级,7.5,15
2013-12-03,13,1,晴,微风,小于3级,7.0,12
2013-12-04,13,2,晴转多云,微风,小于3级,7.5,11
2013-12-05,15,3,阴转晴,微风,小于3级,9.0,12
2013-12-06,15,2,晴,微风,小于3级,8.5,13
2013-12-07,12,0,多云,微风,小于3级,6.0,12
2013-12-08,10,3,多云转阴,微风,小于3级,6.5,7
2013-12-09,9,2,阴转多云,东北风~微风,4-5级~小于3级,5.5,7
2013-12-10,11,2,多云,微风,小于3级,6.5,9
2013-12-11,11,0,晴转多云,微风,小于3级,5.5,11
2013-12-12,12,0,多云转晴,微风,小于3级,6.0,12
2013-12-13,11,-1,多云转晴,微风,小于3级,5.0,12
2013-12-14,9,4,阴转阵雨,微风,小于3级,6.5,5
2013-12-15,10,0,阴,微风,小于3级,5.0,10
2013-12-16,11,0,多云转晴,微风,小于3级,5.5,11
2013-12-17,12,-3,晴转多云,微风,小于3级,4.5,15
2013-12-18,9,-1,多云,微风,小于3级,4.0,10
2013-12-19,8,1,多云转阵雨,微风,小于3级,4.5,7
2013-12-20,5,1,小雨,微风,小于3级,3.0,4
2013-12-21,8,2,雨夹雪转阵雨,微风,小于3级,5.0,6
2013-12-22,5,2,阴转小雨,微风,小于3级,3.5,3
2013-12-23,6,2,阵雨转阴,微风,小于3级,4.0,4
2013-12-24,7,2,阵雨,微风,小于3级,4.5,5
2013-12-25,7,4,阴,微风,小于3级,5.5,3
2013-12-26,6,1,阴转多云,微风,小于3级,3.5,5
2013-12-27,8,-2,多云,微风,小于3级,3.0,10
2013-12-28,8,-3,晴,微风,小于3级,2.5,11
2013-12-29,8,-4,多云,微风,小于3级,2.0,12
2013-12-30,7,-3,多云转晴,微风,小于3级,2.0,10
2013-12-31,11,-3,多云转晴,微风,小于3级,4.0,14
2013-11-01,13,9,阴,微风,小于3级,11.0,4
2013-11-02,16,12,多云转阵雨,微风,小于3级,14.0,4
2013-11-03,16,10,阴,微风,小于3级,13.0,6
2013-11-04,13,10,小雨,微风,小于3级,11.5,3
2013-11-05,16,11,小雨转阴,微风,小于3级,13.5,5
2013-11-06,18,9,多云,微风,小于3级,13.5,9
2013-11-07,15,10,阴,微风,小于3级,12.5,5
2013-11-08,13,10,阴,微风,小于3级,11.5,3
2013-11-09,17,11,阴,微风,小于3级,14.0,6
2013-11-10,14,9,多云转阴,微风,小于3级,11.5,5
2013-11-11,13,9,阴转阵雨,微风,小于3级,11.0,4
2013-11-12,14,8,阵雨转阴,微风,小于3级,11.0,6
2013-11-13,13,8,阴转小雨,微风,小于3级,10.5,5
2013-11-14,15,7,阴转多云,微风,小于3级,11.0,8
2013-11-15,16,5,多云,微风,小于3级,10.5,11
2013-11-16,16,7,多云,微风,小于3级,11.5,9
2013-11-17,17,7,多云转晴,微风,小于3级,12.0,10
2013-11-18,15,6,多云,微风,小于3级,10.5,9
2013-11-19,16,5,多云,微风,小于3级,10.5,11
2013-11-20,17,5,多云,微风,小于3级,11.0,12
2013-11-21,13,6,多云转阴,微风,小于3级,9.5,7
2013-11-22,10,8,小雨,微风,小于3级,9.0,2
2013-11-23,10,7,小雨,微风~东北风,小于3级~5-6级,8.5,3
2013-11-24,12,7,阴转多云,东北风,5-6级,9.5,5
2013-11-25,12,1,多云,东北风,3-4级~小于3级,6.5,11
2013-11-26,14,3,多云,微风,小于3级,8.5,11
2013-11-27,10,1,多云,微风,小于3级,5.5,9
2013-11-28,14,4,晴,微风,小于3级,9.0,10
2013-11-29,13,1,晴,微风,小于3级,7.0,12
2013-11-30,13,0,多云转晴,微风,小于3级,6.5,13
2013-10-01,23,15,多云,微风,小于3级,19.0,8
2013-10-02,25,13,晴转多云,微风,小于3级,19.0,12
2013-10-03,24,14,多云,微风,小于3级,19.0,10
2013-10-04,22,14,多云转阵雨,微风,小于3级,18.0,8
2013-10-05,22,16,阵雨,微风,小于3级,19.0,6
2013-10-06,25,15,多云,微风,小于3级,20.0,10
2013-10-07,26,16,多云转晴,微风,小于3级,21.0,10
2013-10-08,27,15,晴,微风,小于3级,21.0,12
2013-10-09,29,13,晴,微风,小于3级,21.0,16
2013-10-10,27,13,晴,微风,小于3级,20.0,14
2013-10-11,26,17,多云,微风,小于3级,21.5,9
2013-10-12,24,15,多云,微风,小于3级,19.5,9
2013-10-13,25,15,晴转多云,微风,小于3级,20.0,10
2013-10-14,25,15,晴转多云,微风,小于3级,20.0,10
2013-10-15,16,10,阵雨~小雨,微风,小于3级,13.0,6
2013-10-16,15,13,小雨转阵雨,微风,小于3级,14.0,2
2013-10-17,15,11,阴,微风,小于3级,13.0,4
2013-10-18,16,11,阴,微风,小于3级,13.5,5
2013-10-19,17,13,多云,微风,小于3级,15.0,4
2013-10-20,16,12,阵雨,微风,小于3级,14.0,4
2013-10-21,18,12,阴,微风,小于3级,15.0,6
2013-10-22,22,12,多云转晴,微风,小于3级,17.0,10
2013-10-23,22,12,多云转晴,微风,小于3级,17.0,10
2013-10-24,22,12,多云转晴,微风,小于3级,17.0,10
2013-10-25,22,11,多云,微风,小于3级,16.5,11
2013-10-26,19,11,多云,微风,小于3级,15.0,8
2013-10-27,17,12,阴转多云,微风,小于3级,14.5,5
2013-10-28,17,11,多云转阴,微风,小于3级,14.0,6
2013-10-29,15,12,阵雨转小雨,微风,小于3级,13.5,3
2013-10-30,14,11,小雨,微风,小于3级,12.5,3
2013-10-31,14,11,小雨,微风,小于3级,12.5,3
2013-09-01,24,19,阴转小到中雨,微风,小于3级,21.5,5
2013-09-02,21,18,小到中雨转阵雨,微风,小于3级,19.5,3
2013-09-03,22,19,阴转阵雨,微风,小于3级,20.5,3
2013-09-04,23,16,阵雨,微风,小于3级,19.5,7
2013-09-05,23,16,阵雨转阴,微风,小于3级,19.5,7
2013-09-06,20,16,阴转阵雨,微风,小于3级,18.0,4
2013-09-07,20,16,阴转阵雨,微风,小于3级,18.0,4
2013-09-08,18,16,小雨,微风,小于3级,17.0,2
2013-09-09,23,15,阴转多云,微风,小于3级,19.0,8
2013-09-10,28,17,晴转多云,微风,小于3级,22.5,11
2013-09-11,25,17,阵雨,微风,小于3级,21.0,8
2013-09-12,27,17,阵雨转多云,微风,小于3级,22.0,10
2013-09-13,26,18,多云,微风,小于3级,22.0,8
2013-09-14,25,17,多云,微风,小于3级,21.0,8
2013-09-15,27,19,多云,微风,小于3级,23.0,8
2013-09-16,26,19,阵雨,微风,小于3级,22.5,7
2013-09-17,24,19,阵雨转中到大雨,微风,小于3级,21.5,5
2013-09-18,27,20,中雨转小到中雨,微风,小于3级,23.5,7
2013-09-19,25,19,中到大雨转小到中雨,微风,小于3级,22.0,6
2013-09-20,25,17,阵雨转阴,微风,小于3级,21.0,8
2013-09-21,24,18,小雨转阴,微风,小于3级,21.0,6
2013-09-22,25,18,多云转阵雨,微风,小于3级,21.5,7
2013-09-23,24,17,阵雨转多云,微风,小于3级,20.5,7
2013-09-24,23,17,多云转阴,北风~微风,3-4级~小于3级,20.0,6
2013-09-25,21,15,阴转阵雨,北风~微风,3-4级~小于3级,18.0,6
2013-09-26,17,14,阵雨转小雨,微风,小于3级,15.5,3
2013-09-27,22,13,小雨转多云,微风,小于3级,17.5,9
2013-09-28,23,14,多云,微风,小于3级,18.5,9
2013-09-29,23,15,多云,微风,小于3级,19.0,8
2013-09-30,21,16,阵雨,微风,小于3级,18.5,5
2013-08-01,28,22,阵雨,微风,小于3级,25.0,6
2013-08-02,32,22,多云,微风,小于3级,27.0,10
2013-08-03,32,22,晴转多云,微风,小于3级,27.0,10
2013-08-04,31,22,多云,微风,小于3级,26.5,9
2013-08-05,33,22,多云,微风,小于3级,27.5,11
2013-08-06,31,22,多云转阵雨,微风,小于3级,26.5,9
2013-08-07,29,23,中雨转小雨,微风,小于3级,26.0,6
2013-08-08,25,17,阵雨转多云,微风,小于3级,21.0,8
2013-08-09,31,20,多云,微风,小于3级,25.5,11
2013-08-10,27,21,多云转阵雨,微风,小于3级,24.0,6
2013-08-11,29,21,阵雨,微风,小于3级,25.0,8
2013-08-12,31,21,多云,微风,小于3级,26.0,10
2013-08-13,31,21,多云,微风,小于3级,26.0,10
2013-08-14,32,21,多云,微风,小于3级,26.5,11
2013-08-15,32,22,多云,微风,小于3级,27.0,10
2013-08-16,34,22,多云转晴,微风,小于3级,28.0,12
2013-08-17,35,22,多云转晴,微风,小于3级,28.5,13
2013-08-18,36,22,晴,微风,小于3级,29.0,14
2013-08-19,33,21,多云,微风,小于3级,27.0,12
2013-08-20,33,23,多云,微风,小于3级,28.0,10
2013-08-21,32,22,多云,微风,小于3级,27.0,10
2013-08-22,33,22,多云,微风,小于3级,27.5,11
2013-08-23,35,22,多云,微风,小于3级,28.5,13
2013-08-24,33,22,晴转多云,微风,小于3级,27.5,11
2013-08-25,30,22,多云转阵雨,微风,小于3级,26.0,8
2013-08-26,28,22,阴转阵雨,微风,小于3级,25.0,6
2013-08-27,29,22,阵雨,微风,小于3级,25.5,7
2013-08-28,28,22,大雨转中雨,微风,小于3级,25.0,6
2013-08-29,27,18,阴转多云,微风,小于3级,22.5,9
2013-08-30,32,18,晴,微风,小于3级,25.0,14
2013-08-31,24,19,多云转阴,微风,小于3级,21.5,5
2013-07-01,25,21,中雨,微风,小于3级,23.0,4
2013-07-02,26,20,中雨转小到中雨,微风,小于3级,23.0,6
2013-07-03,31,24,阵雨,微风,小于3级,27.5,7
2013-07-04,27,21,阵雨转阴,微风,小于3级,24.0,6
2013-07-05,29,21,阴转多云,微风,小于3级,25.0,8
2013-07-06,31,21,多云,微风,小于3级,26.0,10
2013-07-07,31,22,多云,微风,小于3级,26.5,9
2013-07-08,26,22,中雨转大雨,微风,小于3级,24.0,4
2013-07-09,24,21,大雨转中雨,微风,小于3级,22.5,3
2013-07-10,25,21,中到大雨转中雨,微风,小于3级,23.0,4
2013-07-11,26,19,中雨转多云,微风,小于3级,22.5,7
2013-07-12,27,20,阵雨转阴,微风,小于3级,23.5,7
2013-07-13,29,21,多云,微风,小于3级,25.0,8
2013-07-14,32,22,多云,微风,小于3级,27.0,10
2013-07-15,28,21,阵雨转中到大雨,微风,小于3级,24.5,7
2013-07-16,28,19,阵雨转中雨,微风,小于3级,23.5,9
2013-07-17,25,20,中雨转大雨,微风,小于3级,22.5,5
2013-07-18,27,22,大雨转中到大雨,微风,小于3级,24.5,5
2013-07-19,28,19,阴转阵雨,微风,小于3级,23.5,9
2013-07-20,29,20,阴转多云,微风,小于3级,24.5,9
2013-07-21,26,20,多云转阵雨,微风,小于3级,23.0,6
2013-07-22,24,21,暴雨转大雨,微风,小于3级,22.5,3
2013-07-23,30,21,多云转阴,微风,小于3级,25.5,9
2013-07-24,27,21,多云转阵雨,微风,小于3级,24.0,6
2013-07-25,33,24,阵雨,微风,小于3级,28.5,9
2013-07-26,33,23,多云转阴,微风,小于3级,28.0,10
2013-07-27,32,23,阵雨转多云,微风,小于3级,27.5,9
2013-07-28,30,22,阵雨转中雨,微风,小于3级,26.0,8
2013-07-29,29,21,中雨转阵雨,微风,小于3级,25.0,8
2013-07-30,31,21,多云转晴,微风,小于3级,26.0,10
2013-07-31,30,22,多云,微风,小于3级,26.0,8
2013-06-01,28,15,多云,微风,小于3级,21.5,13
2013-06-02,32,17,晴转多云,微风,小于3级,24.5,15
2013-06-03,30,19,多云转阴,微风,小于3级,24.5,11
2013-06-04,29,18,多云,微风,小于3级,23.5,11
2013-06-05,28,19,多云转阵雨,微风,小于3级,23.5,9
2013-06-06,30,18,多云,微风,小于3级,24.0,12
2013-06-07,31,18,晴转小到中雨,微风,小于3级,24.5,13
2013-06-08,25,19,阴转阵雨,微风,小于3级,22.0,6
2013-06-09,25,17,阴转多云,微风,小于3级,21.0,8
2013-06-10,30,17,多云转晴,微风,小于3级,23.5,13
2013-06-11,30,17,晴,微风,小于3级,23.5,13
2013-06-12,30,14,晴,微风,小于3级,22.0,16
2013-06-13,28,18,多云转阵雨,微风,小于3级,23.0,10
2013-06-14,28,19,阵雨,微风,小于3级,23.5,9
2013-06-15,24,18,阵雨,微风,小于3级,21.0,6
2013-06-16,30,20,阴转多云,微风,小于3级,25.0,10
2013-06-17,30,19,多云,微风,小于3级,24.5,11
2013-06-18,28,21,多云,微风,小于3级,24.5,7
2013-06-19,25,21,阴转阵雨,微风,小于3级,23.0,4
2013-06-20,25,21,大雨,微风,小于3级,23.0,4
2013-06-21,23,20,中雨,微风,小于3级,21.5,3
2013-06-22,29,20,阵雨转多云,微风,小于3级,24.5,9
2013-06-23,26,18,阵雨转大雨,微风,小于3级,22.0,8
2013-06-24,26,20,阵雨转小雨,微风,小于3级,23.0,6
2013-06-25,29,21,阴转多云,微风,小于3级,25.0,8
2013-06-26,31,21,多云,微风,小于3级,26.0,10
2013-06-27,32,20,多云,微风,小于3级,26.0,12
2013-06-28,31,20,多云,微风,小于3级,25.5,11
2013-06-29,29,20,多云转中雨,微风,小于3级,24.5,9
2013-06-30,25,20,大雨,微风,小于3级,22.5,5
2013-05-01,23,14,阵雨转阴,微风,小于3级,18.5,9
2013-05-02,22,13,阵雨转阴,微风,小于3级,17.5,9
2013-05-03,24,14,多云,微风,小于3级,19.0,10
2013-05-04,22,15,小雨转阵雨,微风,小于3级,18.5,7
2013-05-05,19,14,阵雨,微风,小于3级,16.5,5
2013-05-06,23,16,阵雨转阴,微风,小于3级,19.5,7
2013-05-07,23,15,阴,微风,小于3级,19.0,8
2013-05-08,22,15,小雨转小到中雨,微风,小于3级,18.5,7
2013-05-09,26,15,阴转多云,微风,小于3级,20.5,11
2013-05-10,26,16,多云,微风,小于3级,21.0,10
2013-05-11,28,12,多云,微风,小于3级,20.0,16
2013-05-12,30,11,晴,微风,小于3级,20.5,19
2013-05-13,29,15,多云转阵雨,微风,小于3级,22.0,14
2013-05-14,26,15,阵雨转小雨,微风,小于3级,20.5,11
2013-05-15,24,17,阵雨,微风,小于3级,20.5,7
2013-05-16,20,15,阵雨,微风,小于3级,17.5,5
2013-05-17,18,15,阵雨,微风,小于3级,16.5,3
2013-05-18,23,15,阴转多云,微风,小于3级,19.0,8
2013-05-19,30,15,多云,微风,小于3级,22.5,15
2013-05-20,30,16,多云,微风,小于3级,23.0,14
2013-05-21,31,15,多云转晴,微风,小于3级,23.0,16
2013-05-22,29,16,多云,微风,小于3级,22.5,13
2013-05-23,29,19,阵雨,微风,小于3级,24.0,10
2013-05-24,25,18,中雨转小雨,微风,小于3级,21.5,7
2013-05-25,22,18,小雨转阴,微风,小于3级,20.0,4
2013-05-26,30,15,多云,微风,小于3级,22.5,15
2013-05-27,31,18,多云转阵雨,微风,小于3级,24.5,13
2013-05-28,25,19,小雨,微风,小于3级,22.0,6
2013-05-29,20,13,阵雨,微风,小于3级,16.5,7
2013-05-30,25,12,多云,微风,小于3级,18.5,13
2013-05-31,24,14,多云,微风,小于3级,19.0,10
2013-04-01,20,14,阴转多云,微风,小于3级,17.0,6
2013-04-02,18,12,阵雨转阴,微风,小于3级,15.0,6
2013-04-03,20,12,阴转多云,微风,小于3级,16.0,8
2013-04-04,16,11,阴转阵雨,微风,小于3级,13.5,5
2013-04-05,15,12,小雨,东北风~微风,6-7级~小于3级,13.5,3
2013-04-06,17,4,多云,微风,小于3级,10.5,13
2013-04-07,19,5,晴转多云,微风,小于3级,12.0,14
2013-04-08,20,6,多云,微风,小于3级,13.0,14
2013-04-09,16,8,多云,微风,小于3级,12.0,8
2013-04-10,21,10,多云,微风,小于3级,15.5,11
2013-04-11,19,10,阴转多云,微风,小于3级,14.5,9
2013-04-12,21,7,多云,微风,小于3级,14.0,14
2013-04-13,21,10,阴转多云,微风,小于3级,15.5,11
2013-04-14,22,10,多云转晴,微风,小于3级,16.0,12
2013-04-15,24,9,多云,微风,小于3级,16.5,15
2013-04-16,29,10,多云,微风,小于3级,19.5,19
2013-04-17,29,10,晴转多云,微风,小于3级,19.5,19
2013-04-18,27,11,晴转多云,微风,小于3级,19.0,16
2013-04-19,22,15,阵雨转阴,微风,小于3级,18.5,7
2013-04-20,21,11,阴转多云,微风,小于3级,16.0,10
2013-04-21,22,11,阴,微风,小于3级,16.5,11
2013-04-22,22,13,阴,微风,小于3级,17.5,9
2013-04-23,25,14,多云,微风,小于3级,19.5,11
2013-04-24,22,13,阴转多云,微风,小于3级,17.5,9
2013-04-25,27,14,阴转多云,微风,小于3级,20.5,13
2013-04-26,29,12,晴转多云,微风,小于3级,20.5,17
2013-04-27,29,13,多云,微风,小于3级,21.0,16
2013-04-28,28,15,雷阵雨,微风,小于3级,21.5,13
2013-04-29,23,15,多云,微风,小于3级,19.0,8
2013-04-30,26,15,多云转阴,微风,小于3级,20.5,11
2013-03-01,12,8,阴转多云,东北风~微风,4-5级~小于3级,10.0,4
2013-03-02,14,6,阴转多云,东北风~微风,4-5级~小于3级,10.0,8
2013-03-03,16,4,多云转晴,微风,小于3级,10.0,12
2013-03-04,18,3,晴转多云,微风,小于3级,10.5,15
2013-03-05,19,3,多云,微风,小于3级,11.0,16
2013-03-06,21,7,多云转晴,微风,小于3级,14.0,14
2013-03-07,24,7,晴转多云,微风,小于3级,15.5,17
2013-03-08,24,8,晴转多云,微风,小于3级,16.0,16
2013-03-09,24,8,多云,微风,小于3级,16.0,16
2013-03-10,19,14,阴,微风,小于3级,16.5,5
2013-03-11,16,13,阴转阵雨,东北风,3-4级~4-5级,14.5,3
2013-03-12,19,10,阵雨转多云,东北风,3-4级~4-5级,14.5,9
2013-03-13,21,8,多云,微风,小于3级,14.5,13
2013-03-14,18,10,阴转多云,微风,小于3级,14.0,8
2013-03-15,20,12,多云转阴,微风,小于3级,16.0,8
2013-03-16,21,11,多云,微风,小于3级,16.0,10
2013-03-17,22,11,阴转多云,微风,小于3级,16.5,11
2013-03-18,18,12,多云转小雨,微风,小于3级,15.0,6
2013-03-19,20,10,阵雨转多云,微风,小于3级,15.0,10
2013-03-20,23,10,多云,微风,小于3级,16.5,13
2013-03-21,23,9,多云,微风,小于3级,16.0,14
2013-03-22,22,10,多云,微风,小于3级,16.0,12
2013-03-23,24,11,晴,微风,小于3级,17.5,13
2013-03-24,22,11,多云,微风,小于3级,16.5,11
2013-03-25,19,11,阵雨,微风,小于3级,15.0,8
2013-03-26,22,12,多云,微风,小于3级,17.0,10
2013-03-27,24,8,多云,微风,小于3级,16.0,16
2013-03-28,23,10,多云,微风,小于3级,16.5,13
2013-03-29,23,9,多云,微风,小于3级,16.0,14
2013-03-30,23,10,多云,微风,小于3级,16.5,13
2013-03-31,25,12,多云,微风,小于3级,18.5,13
2013-02-01,15,1,多云转阴,微风,小于3级,8.0,14
2013-02-02,11,4,阴转小雨,微风,小于3级,7.5,7
2013-02-03,13,5,阴,微风,小于3级,9.0,8
2013-02-04,16,4,多云,微风,小于3级,10.0,12
2013-02-05,16,5,多云,微风,小于3级,10.5,11
2013-02-06,13,3,多云转小雨,微风,小于3级,8.0,10
2013-02-07,11,6,小雨,东北风,5-6级,8.5,5
2013-02-08,9,5,小雨转阴,东北风,4-5级~5-6级,7.0,4
2013-02-09,10,1,多云,微风,小于3级,5.5,9
2013-02-10,11,2,多云转阴,微风,小于3级,6.5,9
2013-02-11,10,3,阴,微风,小于3级,6.5,7
2013-02-12,10,3,阴转多云,微风,小于3级,6.5,7
2013-02-13,7,2,小雨转阴,微风,小于3级,4.5,5
2013-02-14,6,2,小雨,微风,小于3级,4.0,4
2013-02-15,11,3,阴转多云,微风,小于3级,7.0,8
2013-02-16,10,6,阴,微风,小于3级,8.0,4
2013-02-17,10,4,阴,微风,小于3级,7.0,6
2013-02-18,9,5,小雨,微风,小于3级,7.0,4
2013-02-19,9,0,多云转阴,微风,小于3级,4.5,9
2013-02-20,12,2,多云,微风,小于3级,7.0,10
2013-02-21,12,4,多云,微风,小于3级,8.0,8
2013-02-22,13,3,多云,微风,小于3级,8.0,10
2013-02-23,14,5,多云,微风,小于3级,9.5,9
2013-02-24,16,6,阴转多云,微风,小于3级,11.0,10
2013-02-25,14,8,多云转阴,微风,小于3级,11.0,6
2013-02-26,17,9,阴转多云,微风,小于3级,13.0,8
2013-02-27,19,5,多云,微风,小于3级,12.0,14
2013-02-28,14,5,多云转阵雨,微风,小于3级,9.5,9
2013-01-01,8,-4,晴转多云,微风,小于3级,2.0,12
2013-01-02,4,-4,多云转阴,微风~北风,小于3级~4-5级,0.0,8
2013-01-03,3,-3,阴转雨夹雪,北风,4-5级,0.0,6
2013-01-04,5,-3,阴,微风,小于3级,1.0,8
2013-01-05,3,-2,多云,微风,小于3级,0.5,5
2013-01-06,4,-1,多云转阴,微风,小于3级,1.5,5
2013-01-07,7,-2,多云转晴,微风,小于3级,2.5,9
2013-01-08,6,-1,阴,微风,小于3级,2.5,7
2013-01-09,7,-3,多云,微风,小于3级,2.0,10
2013-01-10,6,-4,多云,微风,小于3级,1.0,10
2013-01-11,7,-3,多云,微风,小于3级,2.0,10
2013-01-12,11,-4,多云,微风,小于3级,3.5,15
2013-01-13,7,2,多云,微风,小于3级,4.5,5
2013-01-14,7,-2,多云转阴,微风,小于3级,2.5,9
2013-01-15,8,-2,阴转多云,微风,小于3级,3.0,10
2013-01-16,9,-1,多云,微风,小于3级,4.0,10
2013-01-17,10,-3,多云,微风,小于3级,3.5,13
2013-01-18,8,3,阴,微风,小于3级,5.5,5
2013-01-19,6,3,小雨,微风,小于3级,4.5,3
2013-01-20,5,3,小雨,微风,小于3级,4.0,2
2013-01-21,8,1,多云转阴,微风,小于3级,4.5,7
2013-01-22,10,0,多云,微风,小于3级,5.0,10
2013-01-23,12,-2,多云,微风,小于3级,5.0,14
2013-01-24,12,-2,晴,微风,小于3级,5.0,14
2013-01-25,13,0,多云转晴,微风,小于3级,6.5,13
2013-01-26,13,0,多云,微风,小于3级,6.5,13
2013-01-27,13,-3,多云,微风,小于3级,5.0,16
2013-01-28,10,2,阴,微风,小于3级,6.0,8
2013-01-29,11,0,阴转阵雨,微风,小于3级,5.5,11
2013-01-30,13,2,多云,微风,小于3级,7.5,11
2013-01-31,14,4,多云,微风,小于3级,9.0,10
2012-12-01,11,2,多云转阴,微风,小于3级,6.5,9
2012-12-02,10,1,多云,微风,小于3级,5.5,9
2012-12-03,9,2,多云,微风,小于3级,5.5,7
2012-12-04,11,1,多云,微风,小于3级,6.0,10
2012-12-05,12,2,多云转晴,东北风,小于3级,7.0,10
2012-12-06,13,0,多云转晴,微风,小于3级,6.5,13
2012-12-07,13,1,晴转多云,微风,小于3级,7.0,12
2012-12-08,10,2,阴转多云,微风,微风,6.0,8
2012-12-09,10,2,阴转多云,微风,微风,6.0,8
2012-12-10,8,2,阴转小雨,微风,小于3级,5.0,6
2012-12-11,8,2,阴转小雨,微风,小于3级,5.0,6
2012-12-12,8,5,阴转阵雨,微风,小于3级,6.5,3
2012-12-13,9,7,阴,微风,小于3级,8.0,2
2012-12-14,11,4,阴转多云,微风,小于3级,7.5,7
2012-12-15,10,4,多云,微风,小于3级,7.0,6
2012-12-16,10,3,多云,微风,小于3级,6.5,7
2012-12-17,9,4,阴转多云,微风,小于3级,6.5,5
2012-12-18,8,4,阴,微风,小于3级,6.0,4
2012-12-19,7,3,阵雨,微风,小于3级,5.0,4
2012-12-20,6,3,小雨转阴,微风,小于3级,4.5,3
2012-12-21,6,2,多云,微风,小于3级,4.0,4
2012-12-22,5,-1,多云,微风,小于3级,2.0,6
2012-12-23,5,-3,多云,微风,小于3级,1.0,8
2012-12-24,7,1,多云,微风,小于3级,4.0,6
2012-12-25,7,0,阴转小雨,微风,小于3级,3.5,7
2012-12-26,6,1,阴转多云,微风,小于3级,3.5,5
2012-12-27,5,0,多云转阴,微风,小于3级,2.5,5
2012-12-28,3,0,雨夹雪转阴,微风~东北风,小于3级~4-5级,1.5,3
2012-12-29,4,0,阴转多云,东北风~微风,4-5级~小于3级,2.0,4
2012-12-30,6,-2,多云转晴,微风,小于3级,2.0,8
2012-12-31,6,-4,晴转多云,微风,小于3级,1.0,10
2012-11-01,19,7,多云,微风,小于3级,13.0,12
2012-11-02,19,10,多云,微风,小于3级,14.5,9
2012-11-03,16,9,阴转多云,北风,5-6级,12.5,7
2012-11-04,13,2,晴,微风,小于3级,7.5,11
2012-11-05,15,5,多云,微风,小于3级,10.0,10
2012-11-06,12,3,阴,微风,小于3级,7.5,9
2012-11-07,13,9,阵雨转阴,微风,小于3级,11.0,4
2012-11-08,13,8,阴,微风,小于3级,10.5,5
2012-11-09,12,7,小雨,微风,小于3级,9.5,5
2012-11-10,11,8,阴转多云,微风,小于3级,9.5,3
2012-11-11,12,5,多云,微风,小于3级,8.5,7
2012-11-12,15,7,多云,微风,小于3级,11.0,8
2012-11-13,15,5,多云,微风,小于3级,10.0,10
2012-11-14,14,7,多云转阴,微风,小于3级,10.5,7
2012-11-15,11,8,阵雨转阴,微风,小于3级,9.5,3
2012-11-16,15,6,阴转晴,微风,小于3级,10.5,9
2012-11-17,15,6,多云,微风,小于3级,10.5,9
2012-11-18,15,7,多云,微风,小于3级,11.0,8
2012-11-19,13,2,多云,微风,小于3级,7.5,11
2012-11-20,13,5,阴,微风,小于3级,9.0,8
2012-11-21,12,5,阴,微风,小于3级,8.5,7
2012-11-22,12,7,多云转小雨,微风~北风,小于3级~5-6级,9.5,5
2012-11-23,11,6,阴,微风,小于3级,8.5,5
2012-11-24,9,5,小雨,微风,小于3级,7.0,4
2012-11-25,10,5,阴转多云,东北风~微风,5-6级~小于3级,7.5,5
2012-11-26,10,2,多云,东北风~微风,5-6级~小于3级,6.0,8
2012-11-27,11,-1,多云,微风,小于3级,5.0,12
2012-11-28,9,2,多云,微风,小于3级,5.5,7
2012-11-29,11,2,多云,微风,小于3级,6.5,9
2012-11-30,7,1,小雨,微风,小于3级,4.0,6
2012-10-01,23,17,多云转阴,微风,小于3级,20.0,6
2012-10-02,19,14,小雨,微风,小于3级,16.5,5
2012-10-03,17,15,小雨转阵雨,微风,小于3级,16.0,2
2012-10-04,20,15,阵雨,微风,小于3级,17.5,5
2012-10-05,20,15,阵雨转小雨,微风,小于3级,17.5,5
2012-10-06,19,15,阴转阵雨,微风,小于3级,17.0,4
2012-10-07,19,14,阵雨,微风,小于3级,16.5,5
2012-10-08,20,14,小雨转阵雨,微风,小于3级,17.0,6
2012-10-09,21,12,阴转多云,微风,小于3级,16.5,9
2012-10-10,17,13,多云转阵雨,微风,小于3级,15.0,4
2012-10-11,17,14,小雨,微风,小于3级,15.5,3
2012-10-12,16,14,小雨,微风,小于3级,15.0,2
2012-10-13,17,13,阴转多云,微风,小于3级,15.0,4
2012-10-14,19,13,阵雨转小雨,微风,小于3级,16.0,6
2012-10-15,18,13,阵雨,微风,小于3级,15.5,5
2012-10-16,21,12,阴转多云,微风,小于3级,16.5,9
2012-10-17,19,10,晴转多云,微风,小于3级,14.5,9
2012-10-18,20,12,阴,微风,小于3级,16.0,8
2012-10-19,17,13,阴,微风,小于3级,15.0,4
2012-10-20,22,12,多云,微风,小于3级,17.0,10
2012-10-21,18,14,多云转阵雨,微风,小于3级,16.0,4
2012-10-22,19,14,阴,北风~微风,4-5级~小于3级,16.5,5
2012-10-23,16,11,多云转阴,微风,小于3级,13.5,5
2012-10-24,17,10,阴转多云,微风,小于3级,13.5,7
2012-10-25,17,10,阴转阵雨,微风,小于3级,13.5,7
2012-10-26,21,11,阴转多云,微风,小于3级,16.0,10
2012-10-27,19,10,多云,微风,小于3级,14.5,9
2012-10-28,19,12,多云转阴,微风,小于3级,15.5,7
2012-10-29,21,13,阵雨转多云,微风,小于3级,17.0,8
2012-10-30,22,10,多云转晴,东北风~微风,4-5级~小于3级,16.0,12
2012-10-31,21,10,多云转晴,微风,小于3级,15.5,11
2012-09-01,24,22,小雨转阴,微风,小于3级,23.0,2
2012-09-02,27,21,阴,微风,小于3级,24.0,6
2012-09-03,31,18,多云转晴,微风,小于3级,24.5,13
2012-09-04,29,17,多云转晴,微风,小于3级,23.0,12
2012-09-05,28,16,多云,微风,小于3级,22.0,12
2012-09-06,28,19,多云,微风,小于3级,23.5,9
2012-09-07,29,19,多云转阴,微风,小于3级,24.0,10
2012-09-08,28,18,小雨转多云,微风,小于3级,23.0,10
2012-09-09,26,20,多云转阵雨,微风,小于3级,23.0,6
2012-09-10,24,17,中雨,微风,小于3级,20.5,7
2012-09-11,23,15,小到中雨转阵雨,微风,小于3级,19.0,8
2012-09-12,29,18,多云,微风,小于3级,23.5,11
2012-09-13,24,14,多云,微风,小于3级,19.0,10
2012-09-14,24,13,多云,微风,小于3级,18.5,11
2012-09-15,19,12,阵雨,微风,小于3级,15.5,7
2012-09-16,20,13,阵雨,微风,小于3级,16.5,7
2012-09-17,22,12,多云,微风,小于3级,17.0,10
2012-09-18,24,13,多云,微风,小于3级,18.5,11
2012-09-19,24,15,多云转阵雨,微风,小于3级,19.5,9
2012-09-20,20,15,阵雨转小雨,微风,小于3级,17.5,5
2012-09-21,19,15,阵雨转多云,微风,小于3级,17.0,4
2012-09-22,23,15,多云,微风,小于3级,19.0,8
2012-09-23,21,16,多云转阴,微风,小于3级,18.5,5
2012-09-24,21,17,小雨,微风,小于3级,19.0,4
2012-09-25,20,16,小雨,微风,小于3级,18.0,4
2012-09-26,20,15,小雨转阴,微风,小于3级,17.5,5
2012-09-27,24,15,多云,微风,小于3级,19.5,9
2012-09-28,22,14,多云,微风,小于3级,18.0,8
2012-09-29,21,16,多云转阵雨,微风,小于3级,18.5,5
2012-09-30,21,16,阴转多云,微风,小于3级,18.5,5
2012-08-01,28,21,阵雨,微风,小于3级,24.5,7
2012-08-02,29,21,阴,微风,小于3级,25.0,8
2012-08-03,31,21,多云,微风,小于3级,26.0,10
2012-08-04,32,22,晴转多云,微风,小于3级,27.0,10
2012-08-05,31,22,多云转阵雨,微风,小于3级,26.5,9
2012-08-06,29,21,中雨转阵雨,微风,小于3级,25.0,8
2012-08-07,34,22,晴转多云,微风,小于3级,28.0,12
2012-08-08,33,22,多云转晴,微风,小于3级,27.5,11
2012-08-09,33,22,晴转多云,微风,小于3级,27.5,11
2012-08-10,33,23,多云,微风,小于3级,28.0,10
2012-08-11,32,23,晴转多云,微风,小于3级,27.5,9
2012-08-12,33,22,多云,微风,小于3级,27.5,11
2012-08-13,34,23,多云转阵雨,微风,小于3级,28.5,11
2012-08-14,31,22,雷阵雨转阵雨,微风,小于3级,26.5,9
2012-08-15,31,22,多云,微风,小于3级,26.5,9
2012-08-16,28,23,阵雨转中雨,微风,小于3级,25.5,5
2012-08-17,27,22,阵雨转小到中雨,微风,小于3级,24.5,5
2012-08-18,26,21,小到中雨转阵雨,微风,小于3级,23.5,5
2012-08-19,27,20,小到中雨,微风,小于3级,23.5,7
2012-08-20,27,18,小到中雨,微风,小于3级,22.5,9
2012-08-21,28,20,多云,微风,小于3级,24.0,8
2012-08-22,26,19,阴,微风,小于3级,22.5,7
2012-08-23,27,19,多云,微风,小于3级,23.0,8
2012-08-24,27,18,阴转多云,微风,小于3级,22.5,9
2012-08-25,28,19,阵雨转多云,微风,小于3级,23.5,9
2012-08-26,31,19,多云,微风,小于3级,25.0,12
2012-08-27,30,21,多云,微风,小于3级,25.5,9
2012-08-28,30,20,多云转阵雨,微风,小于3级,25.0,10
2012-08-29,31,20,多云,微风,小于3级,25.5,11
2012-08-30,26,20,阴转小到中雨,微风,小于3级,23.0,6
2012-08-31,24,20,中雨,微风,小于3级,22.0,4
2012-07-01,27,20,阵雨转中雨,微风,小于3级,23.5,7
2012-07-02,22,18,中雨,微风,小于3级,20.0,4
2012-07-03,25,20,小雨,微风,小于3级,22.5,5
2012-07-04,27,20,小雨转多云,微风,小于3级,23.5,7
2012-07-05,31,19,晴转多云,微风,小于3级,25.0,12
2012-07-06,28,20,多云转小雨,微风,小于3级,24.0,8
2012-07-07,26,21,中雨转中到大雨,微风,小于3级,23.5,5
2012-07-08,23,21,大雨转小雨,微风,小于3级,22.0,2
2012-07-09,23,21,小到中雨,微风,小于3级,22.0,2
2012-07-10,30,21,阵雨转多云,微风,小于3级,25.5,9
2012-07-11,34,21,多云,微风,小于3级,27.5,13
2012-07-12,30,21,多云,微风,小于3级,25.5,9
2012-07-13,33,20,多云转晴,微风,小于3级,26.5,13
2012-07-14,34,22,晴转多云,微风,小于3级,28.0,12
2012-07-15,29,21,多云转阵雨,微风,小于3级,25.0,8
2012-07-16,28,21,阵雨,微风,小于3级,24.5,7
2012-07-17,26,20,阵雨,微风,小于3级,23.0,6
2012-07-18,26,20,阵雨,微风,小于3级,23.0,6
2012-07-19,23,20,小雨,微风,小于3级,21.5,3
2012-07-20,24,21,小雨转中雨,微风,小于3级,22.5,3
2012-07-21,27,21,小到中雨转阵雨,微风,小于3级,24.0,6
2012-07-22,28,20,小雨转阴,微风,小于3级,24.0,8
2012-07-23,25,20,小到中雨,微风,小于3级,22.5,5
2012-07-24,26,19,阵雨转多云,微风,小于3级,22.5,7
2012-07-25,30,22,阴转多云,微风,小于3级,26.0,8
2012-07-26,29,21,阵雨转中雨,微风,小于3级,25.0,8
2012-07-27,28,21,阵雨,微风,小于3级,24.5,7
2012-07-28,31,21,多云,微风,小于3级,26.0,10
2012-07-29,33,22,多云,微风,小于3级,27.5,11
2012-07-30,31,22,阵雨转小雨,微风,小于3级,26.5,9
2012-07-31,28,22,多云转阵雨,微风,小于3级,25.0,6
2012-06-01,26,15,多云,微风,小于3级,20.5,11
2012-06-02,22,15,阵雨,微风,小于3级,18.5,7
2012-06-03,22,16,阵雨转阴,微风,小于3级,19.0,6
2012-06-04,24,16,多云转阴,微风,小于3级,20.0,8
2012-06-05,22,16,阵雨,微风,小于3级,19.0,6
2012-06-06,27,18,多云,微风,小于3级,22.5,9
2012-06-07,28,16,多云,微风,小于3级,22.0,12
2012-06-08,27,18,多云转阴,微风,小于3级,22.5,9
2012-06-09,28,17,多云转阴,微风,小于3级,22.5,11
2012-06-10,28,18,多云,微风,小于3级,23.0,10
2012-06-11,28,18,多云,微风,小于3级,23.0,10
2012-06-12,29,18,多云,微风,小于3级,23.5,11
2012-06-13,29,18,多云,微风,小于3级,23.5,11
2012-06-14,31,19,多云,微风,小于3级,25.0,12
2012-06-15,30,18,多云,微风,小于3级,24.0,12
2012-06-16,27,16,多云转阴,微风,小于3级,21.5,11
2012-06-17,26,17,阵雨转多云,微风,小于3级,21.5,9
2012-06-18,27,17,阵雨转多云,微风,小于3级,22.0,10
2012-06-19,30,20,多云,微风,小于3级,25.0,10
2012-06-20,29,19,多云,微风,小于3级,24.0,10
2012-06-21,29,20,多云,微风,小于3级,24.5,9
2012-06-22,29,17,多云,微风,小于3级,23.0,12
2012-06-23,29,18,多云,微风,小于3级,23.5,11
2012-06-24,28,18,阵雨,微风,小于3级,23.0,10
2012-06-25,25,20,小雨,微风,小于3级,22.5,5
2012-06-26,23,20,小雨,微风,小于3级,21.5,3
2012-06-27,24,20,小雨,微风,小于3级,22.0,4
2012-06-28,23,20,阵雨转中雨,微风,小于3级,21.5,3
2012-06-29,23,19,阵雨,微风,小于3级,21.0,4
2012-06-30,27,20,多云转阵雨,微风,小于3级,23.5,7
2012-05-01,20,15,小雨,微风,小于3级,17.5,5
2012-05-02,20,14,阵雨,微风,小于3级,17.0,6
2012-05-03,20,14,阵雨,微风,小于3级,17.0,6
2012-05-04,23,14,多云,微风,小于3级,18.5,9
2012-05-05,25,16,阴转多云,微风,小于3级,20.5,9
2012-05-06,22,14,阵雨转阴,微风,小于3级,18.0,8
2012-05-07,19,16,阵雨转多云,微风,小于3级,17.5,3
2012-05-08,29,19,多云,微风,小于3级,24.0,10
2012-05-09,31,17,多云,微风,小于3级,24.0,14
2012-05-10,28,17,多云,微风,小于3级,22.5,11
2012-05-11,24,17,中雨,微风,小于3级,20.5,7
2012-05-12,26,17,阴转多云,微风,小于3级,21.5,9
2012-05-13,20,12,阵雨转阴,微风,小于3级,16.0,8
2012-05-14,23,14,阵雨转多云,微风,小于3级,18.5,9
2012-05-15,29,14,多云,微风,小于3级,21.5,15
2012-05-16,27,13,多云,微风,小于3级,20.0,14
2012-05-17,26,15,阴,微风,小于3级,20.5,11
2012-05-18,27,16,多云,微风,小于3级,21.5,11
2012-05-19,30,16,多云,微风,小于3级,23.0,14
2012-05-20,27,18,阵雨转中雨,微风,小于3级,22.5,9
2012-05-21,20,19,大雨转中雨,微风,小于3级,19.5,1
2012-05-22,20,15,阵雨,微风,小于3级,17.5,5
2012-05-23,21,12,小雨,微风,小于3级,16.5,9
2012-05-24,22,15,阵雨转多云,微风,小于3级,18.5,7
2012-05-25,22,14,阵雨转多云,微风,小于3级,18.0,8
2012-05-26,25,14,多云,微风,小于3级,19.5,11
2012-05-27,21,17,阴转中雨,微风,小于3级,19.0,4
2012-05-28,22,19,小到中雨,微风,小于3级,20.5,3
2012-05-29,29,17,多云转晴,微风,小于3级,23.0,12
2012-05-30,29,13,多云转阴,微风,小于3级,21.0,16
2012-05-31,25,15,阵雨转阴,微风,小于3级,20.0,10
2012-04-01,20,11,阴转多云,微风,小于3级,15.5,9
2012-04-02,21,10,阴转多云,微风,小于3级,15.5,11
2012-04-03,20,11,阴转多云,微风,小于3级,15.5,9
2012-04-04,21,10,阴转多云,微风,小于3级,15.5,11
2012-04-05,19,12,阴转多云,微风,小于3级,15.5,7
2012-04-06,21,10,阴转多云,微风,小于3级,15.5,11
2012-04-07,21,10,阴转多云,微风,小于3级,15.5,11
2012-04-08,22,9,阴转多云,微风,小于3级,15.5,13
2012-04-09,20,11,阴转多云,微风,小于3级,15.5,9
2012-04-10,20,11,阴转多云,微风,小于3级,15.5,9
2012-04-11,22,9,阴转多云,微风,小于3级,15.5,13
2012-04-12,22,9,阴转多云,微风,小于3级,15.5,13
2012-04-13,21,10,阴转多云,微风,小于3级,15.5,11
2012-04-14,20,11,多云,微风,小于3级,15.5,9
2012-04-15,22,11,多云转小雨,微风,小于3级,16.5,11
2012-04-16,17,12,小雨,微风,小于3级,14.5,5
2012-04-17,21,11,小雨转阴,微风,小于3级,16.0,10
2012-04-18,23,10,多云,微风,小于3级,16.5,13
2012-04-19,24,12,多云转阴,微风,小于3级,18.0,12
2012-04-20,24,11,多云,微风,小于3级,17.5,13
2012-04-21,26,10,多云,微风,小于3级,18.0,16
2012-04-22,24,12,多云转小雨,微风,小于3级,18.0,12
2012-04-23,22,12,阵雨,微风,小于3级,17.0,10
2012-04-24,24,12,阴,微风,小于3级,18.0,12
2012-04-25,27,12,多云,微风,小于3级,19.5,15
2012-04-26,26,13,多云,微风,小于3级,19.5,13
2012-04-27,27,11,晴转多云,微风,小于3级,19.0,16
2012-04-28,24,16,多云,微风,小于3级,20.0,8
2012-04-29,26,14,阵雨,微风,小于3级,20.0,12
2012-04-30,23,16,阵雨,微风,小于3级,19.5,7
2012-03-01,9,4,小雨~阴,无持续风向,微风,6.5,5
2012-03-02,8,5,小雨,无持续风向,微风,6.5,3
2012-03-03,9,4,小雨~多云,无持续风向,微风,6.5,5
2012-03-04,11,4,阴~多云,无持续风向,微风,7.5,7
2012-03-05,5,3,阴~小雨,无持续风向,微风,4.0,2
2012-03-06,6,2,小雨,无持续风向,微风,4.0,4
2012-03-07,7,2,小雨,无持续风向,微风,4.5,5
2012-03-08,6,2,小雨,无持续风向,微风,4.0,4
2012-03-09,8,3,阴,无持续风向,微风,5.5,5
2012-03-10,10,0,多云~阴,无持续风向,微风,5.0,10
2012-03-11,12,5,多云,无持续风向,微风,8.5,7
2012-03-12,11,5,多云,无持续风向,微风,8.0,6
2012-03-13,12,4,多云,无持续风向,微风,8.0,8
2012-03-14,11,7,小雨,无持续风向,微风,9.0,4
2012-03-15,13,8,多云~阴,无持续风向,微风,10.5,5
2012-03-16,15,8,多云~阴,无持续风向,微风,11.5,7
2012-03-17,20,9,晴~多云,无持续风向,微风,14.5,11
2012-03-18,21,7,多云,无持续风向,微风,14.0,14
2012-03-19,18,12,多云~阴,无持续风向,微风,15.0,6
2012-03-20,19,12,多云~小雨,无持续风向,微风,15.5,7
2012-03-21,13,8,小到中雨~小雨,无持续风向,微风,10.5,5
2012-03-23,13,6,多云~阴,无持续风向,微风,9.5,7
2012-03-24,16,2,晴,无持续风向,微风,9.0,14
2012-03-25,17,4,晴~多云,无持续风向,微风,10.5,13
2012-03-26,19,8,多云~阴,无持续风向,微风,13.5,11
2012-03-27,16,8,阴~阵雨,无持续风向,微风,12.0,8
2012-03-28,15,10,小雨~阵雨,无持续风向,微风,12.5,5
2012-03-29,17,10,阴~小雨,无持续风向,微风,13.5,7
2012-03-30,17,10,阴~多云,无持续风向,微风,13.5,7
2012-03-31,20,4,多云,无持续风向,微风,12.0,16
2012-02-01,11,3,阴~阵雨,无持续风向,微风,7.0,8
2012-02-02,6,3,小雨~阴,无持续风向,微风,4.5,3
2012-02-03,8,2,多云,无持续风向,微风,5.0,6
2012-02-04,6,2,多云,无持续风向,微风,4.0,4
2012-02-05,7,2,阴,无持续风向,微风,4.5,5
2012-02-06,8,0,多云,无持续风向,微风,4.0,8
2012-02-07,7,3,阴,无持续风向,微风,5.0,4
2012-02-08,3,0,阴~雨夹雪,无持续风向,微风,1.5,3
2012-02-09,3,0,雨夹雪,无持续风向,微风,1.5,3
2012-02-10,7,0,多云~阴,无持续风向,微风,3.5,7
2012-02-11,6,0,阴,无持续风向,微风,3.0,6
2012-02-12,6,0,多云,无持续风向,微风,3.0,6
2012-02-13,7,2,阴,无持续风向,微风,4.5,5
2012-02-14,8,1,阴,无持续风向,微风,4.5,7
2012-02-15,9,2,阴,无持续风向,微风,5.5,7
2012-02-16,5,3,阴~小雨,无持续风向,微风,4.0,2
2012-02-17,4,1,小雨,无持续风向,微风,2.5,3
2012-02-18,4,0,小雨~阴,无持续风向,微风,2.0,4
2012-02-19,6,1,阴~阵雨,无持续风向,微风,3.5,5
2012-02-20,5,1,多云,无持续风向,微风,3.0,4
2012-02-21,6,-1,阴~多云,无持续风向,微风,2.5,7
2012-02-22,11,4,多云~阴,无持续风向,微风,7.5,7
2012-02-23,12,5,多云~阴,无持续风向,微风,8.5,7
2012-02-24,9,6,多云~小雨,无持续风向,微风,7.5,3
2012-02-25,7,4,阴~小雨,无持续风向,微风,5.5,3
2012-02-26,5,1,阴,无持续风向,微风,3.0,4
2012-02-27,8,1,阴,无持续风向,微风,4.5,7
2012-02-28,4,2,小雨~阴,无持续风向,微风,3.0,2
2012-02-29,5,2,阴,无持续风向,微风,3.5,3
2012-01-01,5,3,阴,无持续风向,微风,4.0,2
2012-01-02,4,2,小雨~雨夹雪,无持续风向,微风,3.0,2
2012-01-03,5,3,小雪~阴,无持续风向,微风,4.0,2
2012-01-04,4,-4,阴,无持续风向,微风,0.0,8
2012-01-05,4,0,阵雨~阴,无持续风向,微风,2.0,4
2012-01-06,5,2,多云~阴,无持续风向,微风,3.5,3
2012-01-07,4,1,阴~小雨,无持续风向,微风,2.5,3
2012-01-08,7,2,阴,无持续风向,微风,4.5,5
2012-01-09,7,1,多云~阴,无持续风向,微风,4.0,6
2012-01-10,7,0,阴,无持续风向,微风,3.5,7
2012-01-11,7,0,阴~小雨,无持续风向,微风,3.5,7
2012-01-12,7,1,阵雨~小雨,无持续风向,微风,4.0,6
2012-01-13,4,1,小雨~阴,无持续风向,微风,2.5,3
2012-01-14,7,1,多云,无持续风向,微风,4.0,6
2012-01-16,5,2,阴,无持续风向,微风,3.5,3
2012-01-17,7,1,小雨,无持续风向,微风,4.0,6
2012-01-18,7,-1,小雨,无持续风向,微风,3.0,8
2012-01-19,6,1,小雨,无持续风向,微风,3.5,5
2012-01-20,4,1,小雨,无持续风向,微风,2.5,3
2012-01-21,3,0,雨夹雪,无持续风向,微风,1.5,3
2012-01-22,3,0,阴~多云,无持续风向,微风,1.5,3
2012-01-23,2,-1,小雪,无持续风向,微风,0.5,3
2012-01-24,5,-3,晴~多云,无持续风向,微风,1.0,8
2012-01-25,5,-2,多云,无持续风向,微风,1.5,7
2012-01-26,6,1,阴,无持续风向,微风,3.5,5
2012-01-27,5,0,阴,无持续风向,微风,2.5,5
2012-01-28,6,-1,多云,无持续风向,微风,2.5,7
2012-01-29,7,2,小雨~阴,无持续风向,微风,4.5,5
2012-01-30,8,2,多云,无持续风向,微风,5.0,6
2012-01-31,10,3,多云,无持续风向,微风,6.5,7
2011-12-01,12,3,多云,无持续风向,微风,7.5,9
2011-12-02,13,4,晴~多云,无持续风向,微风,8.5,9
2011-12-03,10,5,多云,无持续风向,微风,7.5,5
2011-12-04,10,6,阵雨~小雨,无持续风向,微风,8.0,4
2011-12-05,10,6,阴~阵雨,无持续风向,微风,8.0,4
2011-12-06,9,5,阵雨~阴,无持续风向,微风,7.0,4
2011-12-07,8,5,多云,无持续风向,微风,6.5,3
2011-12-08,11,4,多云,无持续风向,微风,7.5,7
2011-12-09,8,3,阴,无持续风向,微风,5.5,5
2011-12-10,8,0,多云,无持续风向,微风,4.0,8
2011-12-11,7,0,多云,无持续风向,微风,3.5,7
2011-12-12,8,0,多云,无持续风向,微风,4.0,8
2011-12-13,8,3,多云~阴,无持续风向,微风,5.5,5
2011-12-14,6,2,多云~阴,无持续风向,微风,4.0,4
2011-12-15,7,3,阴,无持续风向,微风,5.0,4
2011-12-16,9,0,多云~阴,无持续风向,微风,4.5,9
2011-12-17,6,3,小雨~阴,无持续风向,微风,4.5,3
2011-12-18,7,2,多云,无持续风向,微风,4.5,5
2011-12-19,6,3,阴,无持续风向,微风,4.5,3
2011-12-20,8,4,阴,无持续风向,微风,6.0,4
2011-12-21,5,4,阴,无持续风向,微风,4.5,1
2011-12-22,9,0,多云~阴,无持续风向,微风,4.5,9
2011-12-23,8,-1,多云,无持续风向,微风,3.5,9
2011-12-24,7,-4,多云,无持续风向,微风,1.5,11
2011-12-25,5,-2,阴~阵雨,无持续风向,微风,1.5,7
2011-12-26,7,2,阴,无持续风向,微风,4.5,5
2011-12-27,7,2,多云~阴,无持续风向,微风,4.5,5
2011-12-28,8,0,多云,无持续风向,微风,4.0,8
2011-12-29,8,2,多云,无持续风向,微风,5.0,6
2011-12-30,8,4,阴~多云,无持续风向,微风,6.0,4
2011-12-31,8,1,阴~多云,无持续风向,微风,4.5,7
2011-11-01,14,12,小雨,无持续风向,微风,13.0,2
2011-11-02,13,11,小到中雨,无持续风向,微风,12.0,2
2011-11-03,13,12,小雨,无持续风向,微风,12.5,1
2011-11-04,14,12,小雨~阴,无持续风向,微风,13.0,2
2011-11-05,14,12,阴~小雨,无持续风向,微风,13.0,2
2011-11-06,14,12,小到中雨,无持续风向,微风,13.0,2
2011-11-07,17,12,多云,无持续风向,微风,14.5,5
2011-11-08,17,6,多云~晴,无持续风向,微风,11.5,11
2011-11-09,20,4,多云,无持续风向,微风,12.0,16
2011-11-10,15,11,多云,无持续风向,微风,13.0,4
2011-11-11,15,10,多云~阴,无持续风向,微风,12.5,5
2011-11-12,15,11,小雨,无持续风向,微风,13.0,4
2011-11-13,15,5,晴~多云,无持续风向,微风,10.0,10
2011-11-14,13,9,阵雨~小雨,无持续风向,微风,11.0,4
2011-11-15,11,8,阵雨,无持续风向,微风,9.5,3
2011-11-16,12,10,阵雨,无持续风向,微风,11.0,2
2011-11-17,15,10,阴,无持续风向,微风,12.5,5
2011-11-18,15,7,晴~多云,无持续风向,微风,11.0,8
2011-11-19,16,6,晴~多云,无持续风向,微风,11.0,10
2011-11-20,15,8,多云,无持续风向,微风,11.5,7
2011-11-21,15,8,阴~多云,无持续风向,微风,11.5,7
2011-11-22,15,8,多云,无持续风向,微风,11.5,7
2011-11-23,17,4,多云,无持续风向,微风,10.5,13
2011-11-24,16,9,多云~阴,无持续风向,微风,12.5,7
2011-11-25,15,9,多云~阴,无持续风向,微风,12.0,6
2011-11-26,16,9,多云~阴,无持续风向,微风,12.5,7
2011-11-27,14,10,多云~阵雨,无持续风向,微风,12.0,4
2011-11-28,15,11,小雨,无持续风向,微风,13.0,4
2011-11-29,14,11,小雨~阴,无持续风向,微风,12.5,3
2011-11-30,14,7,多云,无持续风向,微风,10.5,7
2011-10-01,19,12,阵雨,无持续风向,微风,15.5,7
2011-10-02,18,13,阵雨~小雨,无持续风向,微风,15.5,5
2011-10-03,16,11,小雨,无持续风向,微风,13.5,5
2011-10-04,19,12,阴~多云,无持续风向,微风,15.5,7
2011-10-05,18,11,晴,无持续风向,微风,14.5,7
2011-10-06,23,13,多云,无持续风向,微风,18.0,10
2011-10-07,23,14,多云,无持续风向,微风,18.5,9
2011-10-08,18,15,阵雨,无持续风向,微风,16.5,3
2011-10-09,17,15,阵雨,无持续风向,微风,16.0,2
2011-10-10,18,15,小雨,无持续风向,微风,16.5,3
2011-10-11,17,14,阵雨,无持续风向,微风,15.5,3
2011-10-12,20,15,阴,无持续风向,微风,17.5,5
2011-10-13,22,14,多云~晴,无持续风向,微风,18.0,8
2011-10-14,23,12,晴,无持续风向,微风,17.5,11
2011-10-15,20,8,多云~晴,无持续风向,微风,14.0,12
2011-10-16,20,12,多云,无持续风向,微风,16.0,8
2011-10-17,23,10,晴~多云,无持续风向,微风,16.5,13
2011-10-18,21,9,多云~阵雨,无持续风向,微风,15.0,12
2011-10-19,17,13,小雨~阴,无持续风向,微风,15.0,4
2011-10-20,17,13,多云,无持续风向,微风,15.0,4
2011-10-21,18,13,阴~阵雨,无持续风向,微风,15.5,5
2011-10-22,16,13,小雨,无持续风向,微风,14.5,3
2011-10-23,18,13,阴,无持续风向,微风,15.5,5
2011-10-24,18,12,阴~阵雨,无持续风向,微风,15.0,6
2011-10-25,16,12,小雨,无持续风向,微风,14.0,4
2011-10-26,14,9,小雨,无持续风向,微风,11.5,5
2011-10-27,13,9,小雨~阴,无持续风向,微风,11.0,4
2011-10-28,16,8,多云,无持续风向,微风,12.0,8
2011-10-29,17,10,多云,无持续风向,微风,13.5,7
2011-10-30,15,11,阵雨,无持续风向,微风,13.0,4
2011-10-31,15,12,阴~阵雨,无持续风向,微风,13.5,3
2011-09-01,31,20,多云,无持续风向,微风,25.5,11
2011-09-02,31,20,多云,无持续风向,微风,25.5,11
2011-09-03,30,20,多云,无持续风向,微风,25.0,10
2011-09-04,26,21,阵雨,无持续风向,微风,23.5,5
2011-09-05,24,21,阵雨~中到大雨,无持续风向,微风,22.5,3
2011-09-06,20,17,中雨~小到中雨,无持续风向,微风,18.5,3
2011-09-07,21,17,小雨~阴,无持续风向,微风,19.0,4
2011-09-08,24,17,阴,无持续风向,微风,20.5,7
2011-09-09,23,17,阴,无持续风向,微风,20.0,6
2011-09-10,21,17,阵雨~中到大雨,无持续风向,微风,19.0,4
2011-09-11,20,17,中到大雨,无持续风向,微风,18.5,3
2011-09-12,23,16,阴~小到中雨,无持续风向,微风,19.5,7
2011-09-14,24,16,多云,无持续风向,微风,20.0,8
2011-09-15,25,17,多云,无持续风向,微风,21.0,8
2011-09-16,22,17,阴~中雨,无持续风向,微风,19.5,5
2011-09-17,19,16,小到中雨,无持续风向,微风,17.5,3
2011-09-18,14,12,小雨,无持续风向,微风,13.0,2
2011-09-19,16,10,阴~阵雨,无持续风向,微风,13.0,6
2011-09-20,16,10,阴~阵雨,无持续风向,微风,13.0,6
2011-09-21,19,13,多云,无持续风向,微风,16.0,6
2011-09-22,16,12,小雨~阴,无持续风向,微风,14.0,4
2011-09-23,18,12,多云,无持续风向,微风,15.0,6
2011-09-24,20,12,多云,无持续风向,微风,16.0,8
2011-09-25,21,14,多云,无持续风向,微风,17.5,7
2011-09-26,20,15,阴~阵雨,无持续风向,微风,17.5,5
2011-09-27,19,14,小雨,无持续风向,微风,16.5,5
2011-09-28,19,14,阴,无持续风向,微风,16.5,5
2011-09-29,22,14,阴,无持续风向,微风,18.0,8
2011-09-30,20,11,多云~阴,无持续风向,微风,15.5,9
2011-08-01,26,18,多云,无持续风向,微风,22.0,8
2011-08-02,29,19,多云~阵雨,无持续风向,微风,24.0,10
2011-08-03,25,20,阵雨~大雨,无持续风向,微风,22.5,5
2011-08-04,24,18,阵雨~小雨,无持续风向,微风,21.0,6
2011-08-05,26,18,多云,无持续风向,微风,22.0,8
2011-08-06,33,19,晴,无持续风向,微风,26.0,14
2011-08-07,32,19,晴,无持续风向,微风,25.5,13
2011-08-08,31,22,晴,无持续风向,微风,26.5,9
2011-08-09,32,21,晴~多云,无持续风向,微风,26.5,11
2011-08-10,33,21,晴~多云,无持续风向,微风,27.0,12
2011-08-11,30,21,多云,无持续风向,微风,25.5,9
2011-08-12,30,22,多云,无持续风向,微风,26.0,8
2011-08-13,30,23,阴~多云,无持续风向,微风,26.5,7
2011-08-14,31,22,多云~阵雨,无持续风向,微风,26.5,9
2011-08-15,33,23,多云~阴,无持续风向,微风,28.0,10
2011-08-16,33,23,多云,无持续风向,微风,28.0,10
2011-08-17,29,23,雷阵雨,无持续风向,微风,26.0,6
2011-08-18,31,22,多云~阵雨,无持续风向,微风,26.5,9
2011-08-19,30,21,多云,无持续风向,微风,25.5,9
2011-08-20,28,21,多云~小到中雨,无持续风向,微风,24.5,7
2011-08-21,25,19,中到大雨~中雨,无持续风向,微风,22.0,6
2011-08-22,28,21,阴~多云,无持续风向,微风,24.5,7
2011-08-23,28,18,晴,无持续风向,微风,23.0,10
2011-08-24,29,19,多云,无持续风向,微风,24.0,10
2011-08-25,28,19,晴,无持续风向,微风,23.5,9
2011-08-26,27,17,多云~晴,无持续风向,微风,22.0,10
2011-08-27,30,17,多云,无持续风向,微风,23.5,13
2011-08-28,29,19,多云,无持续风向,微风,24.0,10
2011-08-29,31,20,晴~多云,无持续风向,微风,25.5,11
2011-08-30,31,21,晴~多云,无持续风向,微风,26.0,10
2011-08-31,32,23,晴,无持续风向,微风,27.5,9
2011-07-01,25,21,小到中雨~中到大雨,无持续风向,微风,23.0,4
2011-07-02,25,21,小到中雨,无持续风向,微风,23.0,4
2011-07-03,27,20,阵雨,无持续风向,微风,23.5,7
2011-07-04,25,21,阵雨~小到中雨,无持续风向,微风,23.0,4
2011-07-05,23,19,大到暴雨,无持续风向,微风,21.0,4
2011-07-06,22,19,小雨~阴,无持续风向,微风,20.5,3
2011-07-07,29,17,多云~晴,无持续风向,微风,23.0,12
2011-07-08,30,16,晴~多云,无持续风向,微风,23.0,14
2011-07-09,25,20,阴,无持续风向,微风,22.5,5
2011-07-10,24,19,多云~阵雨,无持续风向,微风,21.5,5
2011-07-11,24,19,阵雨,无持续风向,微风,21.5,5
2011-07-12,22,15,小雨~阴,无持续风向,微风,18.5,7
2011-07-13,26,19,阵雨~阴,无持续风向,微风,22.5,7
2011-07-14,28,20,多云,无持续风向,微风,24.0,8
2011-07-15,30,18,多云,无持续风向,微风,24.0,12
2011-07-16,29,19,多云,无持续风向,微风,24.0,10
2011-07-17,30,19,晴~多云,无持续风向,微风,24.5,11
2011-07-18,32,21,多云,无持续风向,微风,26.5,11
2011-07-19,32,22,多云,无持续风向,微风,27.0,10
2011-07-20,30,22,阴~雷阵雨,无持续风向,微风,26.0,8
2011-07-21,25,19,小雨,无持续风向,微风,22.0,6
2011-07-22,30,20,晴~多云,无持续风向,微风,25.0,10
2011-07-23,30,20,阴~多云,无持续风向,微风,25.0,10
2011-07-24,30,20,多云,无持续风向,微风,25.0,10
2011-07-25,31,21,多云,无持续风向,微风,26.0,10
2011-07-26,31,25,多云~阵雨,无持续风向,微风,28.0,6
2011-07-27,30,22,多云~中到大雨,无持续风向,微风,26.0,8
2011-07-28,26,23,中到大雨~中雨,无持续风向,微风,24.5,3
2011-07-29,24,19,中到大雨~小雨,无持续风向,微风,21.5,5
2011-07-30,22,19,小雨,无持续风向,微风,20.5,3
2011-07-31,21,18,小到中雨~中雨,无持续风向,微风,19.5,3
2011-06-01,23,17,阴~阵雨,无持续风向,微风,20.0,6
2011-06-02,25,17,阴~多云,无持续风向,微风,21.0,8
2011-06-03,24,16,阵雨~阴,无持续风向,微风,20.0,8
2011-06-04,24,15,多云,无持续风向,微风,19.5,9
2011-06-05,24,18,阵雨~阴,无持续风向,微风,21.0,6
2011-06-06,28,17,多云~阴,无持续风向,微风,22.5,11
2011-06-07,28,18,多云,无持续风向,微风,23.0,10
2011-06-08,31,17,多云~阵雨,无持续风向,微风,24.0,14
2011-06-09,28,18,阴,无持续风向,微风,23.0,10
2011-06-10,31,18,多云~晴,无持续风向,微风,24.5,13
2011-06-11,29,20,多云,无持续风向,微风,24.5,9
2011-06-12,28,18,多云~阵雨,无持续风向,微风,23.0,10
2011-06-13,24,19,小雨,无持续风向,微风,21.5,5
2011-06-14,30,18,多云~晴,无持续风向,微风,24.0,12
2011-06-15,26,19,多云~阴,无持续风向,微风,22.5,7
2011-06-16,27,20,中到大雨~小到中雨,无持续风向,微风,23.5,7
2011-06-17,23,18,小到中雨~阴,无持续风向,微风,20.5,5
2011-06-18,29,18,多云,无持续风向,微风,23.5,11
2011-06-19,26,19,小雨,无持续风向,微风,22.5,7
2011-06-20,23,18,小雨~大雨,无持续风向,微风,20.5,5
2011-06-21,20,18,小雨,无持续风向,微风,19.0,2
2011-06-22,31,20,阵雨~阴,无持续风向,微风,25.5,11
2011-06-23,29,18,晴~多云,无持续风向,微风,23.5,11
2011-06-24,33,18,晴,无持续风向,微风,25.5,15
2011-06-25,30,18,雷阵雨,无持续风向,微风,24.0,12
2011-06-26,28,23,雷阵雨~阴,无持续风向,微风,25.5,5
2011-06-27,32,17,晴,无持续风向,微风,24.5,15
2011-06-28,30,21,晴~多云,无持续风向,微风,25.5,9
2011-06-29,30,19,晴~多云,无持续风向,微风,24.5,11
2011-06-30,32,19,多云~阵雨,无持续风向,微风,25.5,13
2011-05-01,21,13,阵雨~小雨,无持续风向,微风,17.0,8
2011-05-02,19,11,多云,无持续风向,微风,15.0,8
2011-05-03,22,13,多云,无持续风向,微风,17.5,9
2011-05-04,26,12,多云~晴,无持续风向,微风,19.0,14
2011-05-05,29,13,晴,无持续风向,微风,21.0,16
2011-05-06,28,13,晴~多云,无持续风向,微风,20.5,15
2011-05-07,27,17,多云~阴,无持续风向,微风,22.0,10
2011-05-08,26,22,阴~小到中雨,无持续风向,微风,24.0,4
2011-05-09,22,17,小雨,无持续风向,微风,19.5,5
2011-05-10,24,17,阴~多云,无持续风向,微风,20.5,7
2011-05-11,27,15,阴~多云,无持续风向,微风,21.0,12
2011-05-12,27,14,多云~阵雨,无持续风向,微风,20.5,13
2011-05-13,17,14,小到中雨,无持续风向,微风,15.5,3
2011-05-14,20,15,多云,无持续风向,微风,17.5,5
2011-05-15,21,12,阴~多云,无持续风向,微风,16.5,9
2011-05-16,29,16,多云~晴,无持续风向,微风,22.5,13
2011-05-17,31,11,晴,无持续风向,微风,21.0,20
2011-05-18,30,18,晴~多云,无持续风向,微风,24.0,12
2011-05-19,31,17,多云~阵雨,无持续风向,微风,24.0,14
2011-05-20,24,16,阵雨~大雨,无持续风向,微风,20.0,8
2011-05-21,15,13,小到中雨~小雨,东风,4-5级~3-4级,14.0,2
2011-05-22,22,11,多云,无持续风向,微风,16.5,11
2011-05-23,20,12,多云~小雨,无持续风向,微风,16.0,8
2011-05-24,21,11,多云,无持续风向,微风,16.0,10
2011-05-25,25,13,晴~多云,无持续风向,微风,19.0,12
2011-05-26,27,14,晴~多云,无持续风向,微风,20.5,13
2011-05-27,29,16,多云,无持续风向,微风,22.5,13
2011-05-28,22,18,阵雨~中雨,无持续风向,微风,20.0,4
2011-05-29,24,16,小雨,无持续风向,微风,20.0,8
2011-05-30,20,16,小雨,无持续风向,微风,18.0,4
2011-05-31,25,14,多云,无持续风向,微风,19.5,11
2011-04-01,12,9,小雨,无持续风向,微风,10.5,3
2011-04-02,13,10,阴~小雨,无持续风向,微风,11.5,3
2011-04-03,14,9,小雨,无持续风向,微风,11.5,5
2011-04-04,14,9,小雨,无持续风向,微风,11.5,5
2011-04-05,12,6,小雨,无持续风向,微风,9.0,6
2011-04-06,11,8,多云~阴,无持续风向,微风,9.5,3
2011-04-07,14,8,阴~小雨,无持续风向,微风,11.0,6
2011-04-08,14,8,多云~阴,无持续风向,微风,11.0,6
2011-04-09,18,5,多云,无持续风向,微风,11.5,13
2011-04-10,19,8,多云~阴,无持续风向,微风,13.5,11
2011-04-11,20,9,阴~多云,无持续风向,微风,14.5,11
2011-04-12,17,9,阴~多云,无持续风向,微风,13.0,8
2011-04-13,18,12,阴~中雨,无持续风向,微风,15.0,6
2011-04-14,21,13,小雨,无持续风向,微风,17.0,8
2011-04-15,21,16,阵雨,无持续风向,微风,18.5,5
2011-04-16,24,16,多云,无持续风向,微风,20.0,8
2011-04-17,26,13,晴~多云,无持续风向,微风,19.5,13
2011-04-18,23,11,多云,无持续风向,微风,17.0,12
2011-04-19,20,10,阴,无持续风向,微风,15.0,10
2011-04-20,21,12,小雨~阵雨,无持续风向,微风,16.5,9
2011-04-21,24,15,多云,无持续风向,微风,19.5,9
2011-04-22,26,13,多云,无持续风向,微风,19.5,13
2011-04-23,27,11,多云~晴,无持续风向,微风,19.0,16
2011-04-24,29,11,晴,无持续风向,微风,20.0,18
2011-04-25,29,10,晴~多云,无持续风向,微风,19.5,19
2011-04-26,29,13,晴~多云,无持续风向,微风,21.0,16
2011-04-27,32,15,晴~多云,无持续风向,微风,23.5,17
2011-04-28,30,12,晴~多云,无持续风向,微风,21.0,18
2011-04-29,30,15,阵雨,无持续风向,微风,22.5,15
2011-04-30,27,18,多云~阵雨,无持续风向,微风,22.5,9
2011-03-01,13,8,多云,无持续风向,微风,10.5,5
2011-03-02,12,5,阴,无持续风向,微风,8.5,7
2011-03-03,12,2,阴,无持续风向,微风,7.0,10
2011-03-04,11,6,小雨,无持续风向,微风,8.5,5
2011-03-05,13,4,多云,无持续风向,微风,8.5,9
2011-03-06,14,6,多云,无持续风向,微风,10.0,8
2011-03-07,15,2,多云,无持续风向,微风,8.5,13
2011-03-08,12,6,阴~阵雨,无持续风向,微风,9.0,6
2011-03-09,14,5,多云~小雨,无持续风向,微风,9.5,9
2011-03-10,12,6,小雨~阴,无持续风向,微风,9.0,6
2011-03-11,13,6,多云,无持续风向,微风,9.5,7
2011-03-12,14,6,多云~阴,无持续风向,微风,10.0,8
2011-03-13,15,6,晴~多云,无持续风向,微风,10.5,9
2011-03-14,12,6,阴,东北风,5-6级~3-4级,9.0,6
2011-03-15,11,2,晴,无持续风向,微风,6.5,9
2011-03-16,13,2,晴~多云,无持续风向,微风,7.5,11
2011-03-17,13,4,多云,无持续风向,微风,8.5,9
2011-03-18,15,5,多云~小雨,无持续风向,微风,10.0,10
2011-03-19,12,6,小雨,无持续风向,微风,9.0,6
2011-03-20,10,5,小雨,无持续风向~北风,微风~4-5级,7.5,5
2011-03-21,9,7,小雨,无持续风向,微风,8.0,2
2011-03-22,9,2,阴,无持续风向,微风,5.5,7
2011-03-23,8,3,小雨~阴,无持续风向,微风,5.5,5
2011-03-24,10,1,阴~多云,无持续风向,微风,5.5,9
2011-03-25,13,4,多云,无持续风向,微风,8.5,9
2011-03-26,12,1,多云,无持续风向,微风,6.5,11
2011-03-27,18,2,多云,无持续风向,微风,10.0,16
2011-03-28,11,1,多云,无持续风向,微风,6.0,10
2011-03-29,18,2,多云~阵雨,无持续风向,微风,10.0,16
2011-03-30,18,8,阴~阵雨,无持续风向,微风,13.0,10
2011-03-31,12,8,阴,无持续风向,微风,10.0,4
2011-02-01,5,-3,多云,无持续风向,微风,1.0,8
2011-02-02,7,1,阴,无持续风向,微风,4.0,6
2011-02-03,6,-2,晴,无持续风向,微风,2.0,8
2011-02-04,12,0,晴~多云,无持续风向,微风,6.0,12
2011-02-05,5,-1,阴~多云,无持续风向,微风,2.0,6
2011-02-06,9,-2,多云,无持续风向,微风,3.5,11
2011-02-07,9,3,多云~阴,无持续风向,微风,6.0,6
2011-02-08,10,2,阴~小雨,无持续风向,微风,6.0,8
2011-02-09,9,5,小雨,无持续风向,微风,7.0,4
2011-02-10,11,2,多云~阴,无持续风向,微风,6.5,9
2011-02-11,10,5,阴~小雨,无持续风向,微风,7.5,5
2011-02-12,6,3,小雨~阴,无持续风向,微风,4.5,3
2011-02-13,10,2,阴~多云,无持续风向,微风,6.0,8
2011-02-14,7,3,小雨,无持续风向,微风,5.0,4
2011-02-15,6,3,小雨~阴,无持续风向,微风,4.5,3
2011-02-16,10,1,多云,无持续风向,微风,5.5,9
2011-02-17,10,1,晴~阴,无持续风向,微风,5.5,9
2011-02-18,6,1,小雨~阴,无持续风向,微风,3.5,5
2011-02-19,8,4,阴,无持续风向,微风,6.0,4
2011-02-20,7,4,阴,无持续风向,微风,5.5,3
2011-02-21,7,4,阴,无持续风向,微风,5.5,3
2011-02-22,10,5,阴,无持续风向,微风,7.5,5
2011-02-23,14,3,多云,无持续风向,微风,8.5,11
2011-02-24,16,4,多云~阴,无持续风向,微风,10.0,12
2011-02-25,13,4,小雨~阴,无持续风向,微风,8.5,9
2011-02-26,10,6,小雨~阴,无持续风向,微风,8.0,4
2011-02-27,8,5,多云~小雨,无持续风向,微风,6.5,3
2011-02-28,10,7,阴,无持续风向,微风,8.5,3
2011-01-01,1,-1,小雪~阴,无持续风向,微风,0.0,2
2011-01-02,3,0,阴,无持续风向,微风,1.5,3
2011-01-03,3,1,阴,无持续风向,微风,2.0,2
2011-01-04,4,-2,阴~小雪,无持续风向,微风,1.0,6
2011-01-05,1,-3,小雪,无持续风向,微风,-1.0,4
2011-01-06,0,-1,小雪~阴,无持续风向,微风,-0.5,1
2011-01-07,4,0,阴,无持续风向,微风,2.0,4
2011-01-08,2,-5,多云,无持续风向,微风,-1.5,7
2011-01-09,4,-2,阴,无持续风向,微风,1.0,6
2011-01-10,7,2,多云,无持续风向,微风,4.5,5
2011-01-11,5,-1,阴,无持续风向,微风,2.0,6
2011-01-12,9,-2,晴,无持续风向,微风,3.5,11
2011-01-13,6,-2,多云,无持续风向,微风,2.0,8
2011-01-14,2,-1,小雨,无持续风向,微风,0.5,3
2011-01-15,1,-5,雨夹雪,无持续风向,微风,-2.0,6
2011-01-16,3,-1,阴,无持续风向,微风,1.0,4
2011-01-26,2,0,小雪,无持续风向,微风,1.0,2
2011-01-29,5,-1,多云~阴,无持续风向,微风,2.0,6
2011-01-30,2,1,小雪~阴,无持续风向,微风,1.5,1
2011-01-31,3,0,阴,无持续风向,微风,1.5,3
